"year";"min_spei1";"min_spei3";"mean_spei1";"mean_spei3";"site"
"P800040PISY_clim.1";1961;-1.77637178974171;-0.620514822235848;0.0992233797838428;0.500854711547796;"P800040PISY"
"P800040PISY_clim.2";1962;-1.11684342357669;-0.060268200363434;0.3132070476729;1.08780777679265;"P800040PISY"
"P800040PISY_clim.3";1963;-1.56928238317202;-0.264829523104598;0.0902193119261527;0.0963999643087911;"P800040PISY"
"P800040PISY_clim.4";1964;-1.13150417272937;-0.650335882813011;-0.165067045486561;0.0909330697793295;"P800040PISY"
"P800040PISY_clim.5";1965;-0.0624243158097396;1.39456177881699;1.19533246079505;1.96231955062654;"P800040PISY"
"P800040PISY_clim.6";1966;-0.55138045088294;-0.44219238266334;0.634962757892385;1.02150258454765;"P800040PISY"
"P800040PISY_clim.7";1967;-0.576954890919435;-0.984624000780116;-0.0647658884758722;-0.537484249191824;"P800040PISY"
"P800040PISY_clim.8";1968;-0.342672599320674;-0.954233451421234;0.461864815697876;0.605719914844187;"P800040PISY"
"P800040PISY_clim.9";1969;-1.30932197381839;-0.794058138940662;-0.255338347632408;0.054429680015748;"P800040PISY"
"P800040PISY_clim.10";1970;-1.18486103163792;0.24403870090284;0.103755958881382;0.834675797787544;"P800040PISY"
"P800040PISY_clim.11";1971;-1.00451592200731;-1.02394630557554;-0.367700518591863;-0.632576427381821;"P800040PISY"
"P800040PISY_clim.12";1972;-0.64113459151937;0.0570231701343779;0.523161058406935;0.778233903053775;"P800040PISY"
"P800040PISY_clim.13";1973;-1.89704965624063;-1.395538701892;-0.169795041675896;-0.418535406357063;"P800040PISY"
"P800040PISY_clim.14";1974;-1.24810343928256;-1.84920384616403;-0.171207168517615;-0.593371095763356;"P800040PISY"
"P800040PISY_clim.15";1975;-2.09130068994364;-1.63793045790321;-0.356663635697031;-0.370110346223282;"P800040PISY"
"P800040PISY_clim.16";1976;-1.22523154012659;-1.39057777597227;-0.237116821509246;-0.858440606007165;"P800040PISY"
"P800040PISY_clim.17";1977;-1.41918124776783;-0.849807915598692;0.152255410166016;0.27458880469984;"P800040PISY"
"P800040PISY_clim.18";1978;-0.619047147067417;-0.530797217966536;0.147694078501077;0.188104464288618;"P800040PISY"
"P800040PISY_clim.19";1979;-0.66849183866813;-0.197635115404647;0.211748866711186;0.58993665277628;"P800040PISY"
"P800040PISY_clim.20";1980;0.129891574961735;0.75160840904124;0.661027739644751;0.962568314000905;"P800040PISY"
"P800040PISY_clim.21";1981;-1.17088611098542;-0.548892608314391;-0.0810682664799657;-0.237123269575991;"P800040PISY"
"P800040PISY_clim.22";1982;-0.769676171519886;-1.39274821389581;0.0610109380323087;-0.0816432003033905;"P800040PISY"
"P800040PISY_clim.23";1983;-1.50388408798269;-1.98063916398884;-0.695600791966795;-1.30334701259516;"P800040PISY"
"P800040PISY_clim.24";1984;-0.0869484624288119;0.102889547615589;0.319914237961417;0.384386844850796;"P800040PISY"
"P800040PISY_clim.25";1985;-0.889982480934127;-0.109684870216063;0.484203999268834;0.975616561491116;"P800040PISY"
"P800040PISY_clim.26";1986;-1.30011916748946;-0.940338299381686;-0.0633509000705797;-0.124907288726699;"P800040PISY"
"P800040PISY_clim.27";1987;-0.72104511530261;-0.39238398038984;0.296055847231672;0.673219096114174;"P800040PISY"
"P800040PISY_clim.28";1988;-0.726230655499749;-0.721728980780967;-0.0863611453984502;-0.100008148722114;"P800040PISY"
"P800040PISY_clim.29";1989;-0.246373875159016;-0.746364411948292;0.10466567532036;-0.11262179253164;"P800040PISY"
"P800040PISY_clim.30";1990;-1.47962954852719;-1.01438340974559;0.116691650211879;-0.103048755080315;"P800040PISY"
"P800040PISY_clim.31";1991;-0.951461694560235;-1.11488197126302;0.0430266146346045;0.0776028706430952;"P800040PISY"
"P800040PISY_clim.32";1992;-2.10239253243863;-2.68320031570208;-0.825568244434629;-1.03173593798513;"P800040PISY"
"P800040PISY_clim.33";1993;-1.41912384658586;-1.84576076973868;-0.384876645024267;-0.605633717923708;"P800040PISY"
"P800040PISY_clim.34";1994;-1.71613335853077;-1.23578715671441;-0.122876801331704;-0.290953630568196;"P800040PISY"
"P800040PISY_clim.35";1995;-0.467516642995036;0.0504955350218798;0.409140510603093;0.482496161973907;"P800040PISY"
"P800040PISY_clim.36";1996;-0.597501063561273;0.096937599110772;0.544655296123724;0.774867832897802;"P800040PISY"
"P800040PISY_clim.37";1997;-1.17438140025932;-0.28770925761101;0.0974714112189485;0.691493652872753;"P800040PISY"
"P800040PISY_clim.38";1998;-1.08660494002556;-1.30092751383515;0.241511338717165;-0.138969450334015;"P800040PISY"
"P800040PISY_clim.39";1999;-1.24376079245367;-1.49056806897088;-0.262159722034068;-0.0708050410677637;"P800040PISY"
"P800040PISY_clim.40";2000;-1.81920846746603;-2.16714018106292;-0.539515186215651;-0.580228379455544;"P800040PISY"
"P800040PISY_clim.41";2001;-1.5329341453266;-1.00482263883058;0.0733444962542243;0.131181364864763;"P800040PISY"
"P800040PISY_clim.42";2002;-1.62790422683647;-1.8098274417907;-0.250094126381735;-0.754349894076174;"P800040PISY"
"P800040PISY_clim.43";2003;-1.61542335542889;-1.68519075985996;-0.695286515787207;-1.41778351306989;"P800040PISY"
"P800040PISY_clim.44";2004;-1.16837841491584;-1.19463658853885;-0.286904221165685;-0.18237411846249;"P800040PISY"
"P800040PISY_clim.45";2005;-1.02598198143381;0.531278928333325;0.445962260256688;1.0083722930624;"P800040PISY"
"P800040PISY_clim.46";2006;-2.2904010793533;-1.44274403177988;-0.0589122847100373;0.36264966763037;"P800040PISY"
"P800040PISY_clim.47";2007;-1.6876963252399;-1.53962030218068;-0.00878138868925855;-0.243851859807979;"P800040PISY"
"P800040PISY_clim.48";2008;-0.701038000212125;-0.634881833992699;-0.082809767133993;-0.309127609892297;"P800040PISY"
"P800040PISY_clim.49";2009;-2.32255200840804;-0.841119698117416;-0.440002102920742;0.158317418122605;"P800040PISY"
"P800040PISY_clim.50";2010;0.351601695207653;0.0591855690401889;0.88428243026835;1.35313670903415;"P800040PISY"
"P800040PISY_clim.51";2011;-0.99752578833728;-0.616045490799399;-0.0586684886810729;0.0186873819694697;"P800040PISY"
"P800040PISY_clim.52";2012;-1.49628021723484;-2.17882235621243;-0.25575470099519;-0.729415001605238;"P800040PISY"
"P800040PISY_clim.53";2013;-1.87423922922039;-0.325600376562006;0.214289989168417;0.553772558702139;"P800040PISY"
"P800040PISY_clim.54";2014;-1.16563578084798;-2.0709169078888;0.167811516910994;-0.550205995950033;"P800040PISY"
"P800040PISY_clim.55";2015;-1.82144150559537;-2.15168357051102;-0.612005390656529;-1.3227210903051;"P800040PISY"
"P800040PISY_clim.56";2016;-1.38505822779094;-0.915450703183548;-0.279534371980921;-0.174124086025333;"P800040PISY"
"P800040PISY_clim.57";2017;-1.72838169425698;-1.89711668317038;-0.314596969792406;-1.01345948016932;"P800040PISY"
"P800040PISY_clim.58";2018;-1.85518304023828;-1.72821396661703;-0.670286695630017;-1.40437021581613;"P800040PISY"
"P800040PISY_clim.59";2019;-1.93627799538374;-1.58806966027558;-0.223320759734982;-0.562997454481037;"P800040PISY"
"P800040PISY_clim.60";2020;-1.0717100670502;-1.19015183541169;0.314284225085379;0.342349143096257;"P800040PISY"
"P800044PCAB_clim.1";1961;-1.35023213678998;-0.56566460732414;0.037509870402038;0.090498417303622;"P800044PCAB"
"P800044PCAB_clim.2";1962;-1.0937841891403;-1.48486436818674;0.0930314177380835;0.474810569951949;"P800044PCAB"
"P800044PCAB_clim.3";1963;-1.73376428266862;-0.344874043697212;0.274801504573082;0.535367407637531;"P800044PCAB"
"P800044PCAB_clim.4";1964;-1.17698626324192;-0.49276159951739;-0.223566653815673;-0.120962170363667;"P800044PCAB"
"P800044PCAB_clim.5";1965;-0.187435662254434;1.10035599123021;1.01889081493894;1.67641719944577;"P800044PCAB"
"P800044PCAB_clim.6";1966;-0.54837710509424;-0.383611718234444;0.52833508123167;0.783191610157942;"P800044PCAB"
"P800044PCAB_clim.7";1967;-0.849265726992101;-1.20037751107205;-0.0684575743248411;-0.707362380884083;"P800044PCAB"
"P800044PCAB_clim.8";1968;-0.560244257958794;-1.05993719500138;0.681540615845935;0.746805820634918;"P800044PCAB"
"P800044PCAB_clim.9";1969;-1.2607695953337;-0.534281812977241;-0.167868862747565;0.325209677894456;"P800044PCAB"
"P800044PCAB_clim.10";1970;-0.889118005180567;-0.0640895115754502;0.345896149198784;1.22017322580802;"P800044PCAB"
"P800044PCAB_clim.11";1971;-0.77356997837082;-0.732384287264343;-0.153763445923812;-0.28854358987301;"P800044PCAB"
"P800044PCAB_clim.12";1972;-1.0353504036033;-0.438271086363357;0.366954714996991;0.406048952547051;"P800044PCAB"
"P800044PCAB_clim.13";1973;-1.61799442104873;-1.41951894814965;-0.23003064125164;-0.555133291989245;"P800044PCAB"
"P800044PCAB_clim.14";1974;-1.11468441145631;-1.96014756837745;0.0403927428457262;-0.135257957630925;"P800044PCAB"
"P800044PCAB_clim.15";1975;-1.71825251312213;-1.34838345245661;-0.348588298514753;-0.417644018133695;"P800044PCAB"
"P800044PCAB_clim.16";1976;-1.52513636570622;-1.64868706674072;-0.365122348902631;-0.990659829581352;"P800044PCAB"
"P800044PCAB_clim.17";1977;-0.91039561751382;-0.125062940460682;0.433706024412954;0.661589747818606;"P800044PCAB"
"P800044PCAB_clim.18";1978;-0.398297478887008;-0.305313927547582;0.164078113720717;0.13504350940268;"P800044PCAB"
"P800044PCAB_clim.19";1979;-1.21858200276058;0.22514198503905;0.346859145590782;0.713546582371129;"P800044PCAB"
"P800044PCAB_clim.20";1980;-0.354980409118586;0.249106714408072;0.369021586495098;0.476574194513991;"P800044PCAB"
"P800044PCAB_clim.21";1981;-0.693823236658528;-0.468160724009175;0.158806172823097;0.162151274138193;"P800044PCAB"
"P800044PCAB_clim.22";1982;-1.39641217538026;-1.51113157367463;-0.449589811949027;-0.93011491832618;"P800044PCAB"
"P800044PCAB_clim.23";1983;-1.67756705503076;-1.99999783091199;-0.440899650485578;-0.829177653999249;"P800044PCAB"
"P800044PCAB_clim.24";1984;-1.03853275867187;-0.622694318750484;0.18031821852727;0.244481147061385;"P800044PCAB"
"P800044PCAB_clim.25";1985;-1.07605907887922;-0.343165078521192;0.267655557057629;0.598998457237479;"P800044PCAB"
"P800044PCAB_clim.26";1986;-0.98337518428582;-0.956490853512884;-0.0715700160404528;-0.190858975142968;"P800044PCAB"
"P800044PCAB_clim.27";1987;-0.735267481597202;-0.384573376367545;0.304544586076688;0.523284532014087;"P800044PCAB"
"P800044PCAB_clim.28";1988;-0.949435885616336;-1.03091969291433;-0.13788606189694;-0.295004543430822;"P800044PCAB"
"P800044PCAB_clim.29";1989;-0.9051353566059;-1.0001420779943;-0.117537581696422;-0.609280560314524;"P800044PCAB"
"P800044PCAB_clim.30";1990;-1.47201369443988;-0.603135198335169;0.349181162900141;0.266237010679937;"P800044PCAB"
"P800044PCAB_clim.31";1991;-0.752196510064836;-0.87520882983279;0.106483782976162;0.113931874402129;"P800044PCAB"
"P800044PCAB_clim.32";1992;-2.12534636436669;-2.65369425861945;-0.803307328612615;-1.05200791668803;"P800044PCAB"
"P800044PCAB_clim.33";1993;-1.6657344527825;-1.77819810350935;-0.486295295001317;-0.70308982178297;"P800044PCAB"
"P800044PCAB_clim.34";1994;-1.48009281387137;-1.21473301726336;0.0042958518004194;-0.201539338855959;"P800044PCAB"
"P800044PCAB_clim.35";1995;-1.10081372501622;-0.0521329506675172;0.415510984037031;0.383029131471402;"P800044PCAB"
"P800044PCAB_clim.36";1996;-0.362944680243898;-0.547225442116038;0.32491905514618;0.296503850560591;"P800044PCAB"
"P800044PCAB_clim.37";1997;-0.928039124771317;-0.548153177214225;0.337617596745828;0.930594606771015;"P800044PCAB"
"P800044PCAB_clim.38";1998;-1.04217881480549;-1.40720726654874;0.214596610428001;-0.18147021707624;"P800044PCAB"
"P800044PCAB_clim.39";1999;-1.18152344878264;-1.79114799342346;-0.266507172398211;-0.0363672595903169;"P800044PCAB"
"P800044PCAB_clim.40";2000;-1.66424903816182;-2.09828655237815;-0.532558867371885;-0.333795603653851;"P800044PCAB"
"P800044PCAB_clim.41";2001;-1.01460423521678;-0.639083045100077;0.236339821282425;0.204457349024427;"P800044PCAB"
"P800044PCAB_clim.42";2002;-1.88408792469097;-2.31736095622976;-0.479570961779047;-1.22970928853501;"P800044PCAB"
"P800044PCAB_clim.43";2003;-1.72830996368249;-1.6609232222612;-0.660562178834209;-1.38090000221905;"P800044PCAB"
"P800044PCAB_clim.44";2004;-1.05592887968529;-1.45043004731058;-0.379701509598358;-0.185606406782172;"P800044PCAB"
"P800044PCAB_clim.45";2005;-1.19954392648375;-0.107106697363815;0.223958560567343;0.68918118985162;"P800044PCAB"
"P800044PCAB_clim.46";2006;-2.15498867673214;-0.800991575487503;0.110064374847131;0.668849091258688;"P800044PCAB"
"P800044PCAB_clim.47";2007;-1.64227682961689;-1.23387671722247;-0.00430406187634011;-0.101269995394607;"P800044PCAB"
"P800044PCAB_clim.48";2008;-1.6163193255434;-1.41246730300712;-0.211851918147278;-0.49392718834724;"P800044PCAB"
"P800044PCAB_clim.49";2009;-2.30697539044392;-0.432931809311251;-0.335390379855204;0.521856368916284;"P800044PCAB"
"P800044PCAB_clim.50";2010;0.376924385795755;0.354026050549455;1.03711133340694;1.54986616551364;"P800044PCAB"
"P800044PCAB_clim.51";2011;-1.27524815540333;-0.831634804781579;-0.362951950680655;-0.163197247449015;"P800044PCAB"
"P800044PCAB_clim.52";2012;-1.72373261638859;-2.6563059787377;-0.336720961183748;-0.708029187689349;"P800044PCAB"
"P800044PCAB_clim.53";2013;-1.984381975956;-0.218271259858548;0.19820274715036;0.633083691505427;"P800044PCAB"
"P800044PCAB_clim.54";2014;-1.21197719994221;-1.67242699527557;0.622047087079021;0.261707309966915;"P800044PCAB"
"P800044PCAB_clim.55";2015;-1.25793022310751;-1.88732562360029;-0.552858569918261;-1.03316444650087;"P800044PCAB"
"P800044PCAB_clim.56";2016;-1.84176139231018;-1.05322979149231;-0.444005287129648;-0.345893111517374;"P800044PCAB"
"P800044PCAB_clim.57";2017;-1.71130786855436;-1.60827225166205;-0.229600686587391;-0.808250143906441;"P800044PCAB"
"P800044PCAB_clim.58";2018;-1.81788636993049;-2.13304960278642;-0.943348854918093;-1.62801661257444;"P800044PCAB"
"P800044PCAB_clim.59";2019;-1.27071404724799;-0.963613672137176;0.0166819651210488;-0.0459213429487272;"P800044PCAB"
"P800044PCAB_clim.60";2020;-1.23393774486845;-0.894496802952124;0.365356289905711;0.638511542988973;"P800044PCAB"
"P800046ABAL_clim.1";1961;-1.94725868376335;-1.32736601195249;-0.0664470458793352;0.249861232215248;"P800046ABAL"
"P800046ABAL_clim.2";1962;-1.06854425950421;-1.01122956137268;0.115755310451896;0.704104255476806;"P800046ABAL"
"P800046ABAL_clim.3";1963;-1.46104203016265;-0.772592529893504;-0.134000919406288;-0.427209271684646;"P800046ABAL"
"P800046ABAL_clim.4";1964;-1.01489028426132;-1.35953720550849;-0.544954265810718;-0.927727513633699;"P800046ABAL"
"P800046ABAL_clim.5";1965;-0.129138355627253;0.368961788280206;0.912308277601249;1.40669868184609;"P800046ABAL"
"P800046ABAL_clim.6";1966;-1.02959033662459;0.731985851429878;0.546771696566001;1.2013293281168;"P800046ABAL"
"P800046ABAL_clim.7";1967;-0.51135771525056;-0.750812187301426;-0.0592181468610674;-0.272670969459472;"P800046ABAL"
"P800046ABAL_clim.8";1968;-0.765366266136703;-1.19831247367024;0.361628522885647;0.288950215329265;"P800046ABAL"
"P800046ABAL_clim.9";1969;-1.55793294976048;-0.72552935483849;-0.396326232251056;-0.407082646201891;"P800046ABAL"
"P800046ABAL_clim.10";1970;-0.839041998907937;-0.098353672392029;0.123204900518575;0.578027084280605;"P800046ABAL"
"P800046ABAL_clim.11";1971;-1.24316409063908;-1.33993952709456;-0.296204734210455;-0.506259260312244;"P800046ABAL"
"P800046ABAL_clim.12";1972;0.361426980284034;0.00481529754515003;1.0893373014084;1.15654673899754;"P800046ABAL"
"P800046ABAL_clim.13";1973;-1.42758224499136;-1.13783537939782;-0.360536147274658;-0.544614686232976;"P800046ABAL"
"P800046ABAL_clim.14";1974;-0.605414893965918;-1.66271988215011;0.372699393950067;0.23608085984798;"P800046ABAL"
"P800046ABAL_clim.15";1975;-1.18066073212419;-0.356286243662584;0.0646631413486284;0.327950021745786;"P800046ABAL"
"P800046ABAL_clim.16";1976;-1.35445263659885;-1.36903615325406;-0.157378683707595;-0.400665051099575;"P800046ABAL"
"P800046ABAL_clim.17";1977;-0.856003808408271;-0.285310981174844;0.570273856388748;0.836230214518175;"P800046ABAL"
"P800046ABAL_clim.18";1978;-0.474041897142736;-0.302717431431933;0.269369183019221;0.046290763954731;"P800046ABAL"
"P800046ABAL_clim.19";1979;-0.421998369688464;-0.587951004582853;-0.0616584978485196;-0.179890112928638;"P800046ABAL"
"P800046ABAL_clim.20";1980;-0.861549947321598;-0.662030104266034;0.429618998658564;0.536983515070689;"P800046ABAL"
"P800046ABAL_clim.21";1981;-0.587527057550126;-0.902415807237408;0.298123329337815;0.156287605213277;"P800046ABAL"
"P800046ABAL_clim.22";1982;-1.25159882312694;-1.11154574601122;0.0212243033893628;-0.209836971027086;"P800046ABAL"
"P800046ABAL_clim.23";1983;-1.06546406283467;-1.5152175762719;-0.67979408096987;-0.899539353117647;"P800046ABAL"
"P800046ABAL_clim.24";1984;-0.952619710984328;-0.832355930524574;-0.00175021584757913;-0.290956417048331;"P800046ABAL"
"P800046ABAL_clim.25";1985;-1.06819162709658;-0.270134392440969;0.342275989273766;0.554596190412592;"P800046ABAL"
"P800046ABAL_clim.26";1986;-1.05776831029202;-1.24067811509655;-0.123451559014043;-0.374837668990961;"P800046ABAL"
"P800046ABAL_clim.27";1987;-0.310014150445037;-0.464025664863587;0.615512142064537;0.923662261415542;"P800046ABAL"
"P800046ABAL_clim.28";1988;-0.745607177200869;-0.845256546177074;-0.24963837266905;-0.298139750187546;"P800046ABAL"
"P800046ABAL_clim.29";1989;-0.304670715466648;-0.304768237133353;0.205764509883142;-0.000281852149388676;"P800046ABAL"
"P800046ABAL_clim.30";1990;-1.19560461759526;-1.22653397054088;0.263014445189947;0.0987313160543659;"P800046ABAL"
"P800046ABAL_clim.31";1991;-0.534868157076822;-1.31070401333043;0.044968055374664;-0.177769680249399;"P800046ABAL"
"P800046ABAL_clim.32";1992;-2.45240194844138;-2.59780080329031;-0.803391531692355;-0.762412024882644;"P800046ABAL"
"P800046ABAL_clim.33";1993;-1.94288707765901;-1.79661818449371;-0.71500382166458;-0.772064136173811;"P800046ABAL"
"P800046ABAL_clim.34";1994;-1.28555991118353;-0.674098446194443;0.32761408242989;0.348791799209972;"P800046ABAL"
"P800046ABAL_clim.35";1995;-1.4147649070006;0.105770105976821;0.436698824993228;0.587866778367858;"P800046ABAL"
"P800046ABAL_clim.36";1996;-0.191781969331498;0.120236466963242;0.69298995015583;0.755761686929427;"P800046ABAL"
"P800046ABAL_clim.37";1997;-0.217410765623027;0.224827792307049;0.719671511505069;1.56068178882295;"P800046ABAL"
"P800046ABAL_clim.38";1998;-1.04359342286679;-0.314423489419753;0.313991067298634;0.174120764978688;"P800046ABAL"
"P800046ABAL_clim.39";1999;-1.15116083908511;-1.20366818950417;-0.0666892673997787;0.227198326930366;"P800046ABAL"
"P800046ABAL_clim.40";2000;-1.40333500347703;-0.857357674912379;-0.308637891152618;0.613479694757578;"P800046ABAL"
"P800046ABAL_clim.41";2001;-0.942045164529559;0.120828980441633;0.700539810178188;1.11293321935411;"P800046ABAL"
"P800046ABAL_clim.42";2002;-1.63580439231687;-1.55677300019083;-0.0966988850727174;-0.30976292871972;"P800046ABAL"
"P800046ABAL_clim.43";2003;-2.32271039110455;-2.0778225841289;-0.936788018832064;-1.38439810020138;"P800046ABAL"
"P800046ABAL_clim.44";2004;-0.932867862244637;-0.8975639966503;-0.307282578413168;-0.291995779062918;"P800046ABAL"
"P800046ABAL_clim.45";2005;-1.35603495089469;-0.238689297360993;0.0164936054865552;0.264930582874255;"P800046ABAL"
"P800046ABAL_clim.46";2006;-2.65464902736198;-1.04049842929212;-0.0829863132474765;0.498415243331542;"P800046ABAL"
"P800046ABAL_clim.47";2007;-1.84967164278938;-1.1134417486263;-0.20924523374532;-0.586603535113763;"P800046ABAL"
"P800046ABAL_clim.48";2008;-1.45405284433805;-0.996732508576712;-0.170809115448086;-0.245490652836867;"P800046ABAL"
"P800046ABAL_clim.49";2009;-2.18369140076956;-1.49876232947595;-0.723801675816827;-0.252889073222349;"P800046ABAL"
"P800046ABAL_clim.50";2010;-0.319996917402704;-0.755391359616349;0.69361090423607;1.09560434916348;"P800046ABAL"
"P800046ABAL_clim.51";2011;-1.67692129141962;-1.64339252220748;-0.22662752328688;-0.369546244786822;"P800046ABAL"
"P800046ABAL_clim.52";2012;-1.37636292017023;-2.21627111319688;-0.603645421137398;-1.2666971823519;"P800046ABAL"
"P800046ABAL_clim.53";2013;-2.26753847295465;-1.03934775887881;-0.239207396749056;-0.215501279159182;"P800046ABAL"
"P800046ABAL_clim.54";2014;-1.04701988426765;-1.12264709757836;0.412817866688582;0.163176816827621;"P800046ABAL"
"P800046ABAL_clim.55";2015;-1.75566374778633;-2.38911913383129;-1.07152121424188;-1.67233881664654;"P800046ABAL"
"P800046ABAL_clim.56";2016;-1.66714676696956;-1.55988576425959;-0.491280470946677;-0.49682143642905;"P800046ABAL"
"P800046ABAL_clim.57";2017;-1.45716881672267;-2.30124458750607;-0.282128784644536;-0.706872743837424;"P800046ABAL"
"P800046ABAL_clim.58";2018;-2.20851283724565;-2.45047520132717;-0.73961911142873;-1.54534856661976;"P800046ABAL"
"P800046ABAL_clim.59";2019;-1.71909259093488;-0.73575172908148;0.126385667656068;-0.0164735459441082;"P800046ABAL"
"P800046ABAL_clim.60";2020;-1.581424096569;-0.991303011075281;0.482173670956893;0.432101119802787;"P800046ABAL"
"P800052QURO_clim.1";1961;-0.627219185147872;-1.05806185078436;0.334633672064311;0.433569619334715;"P800052QURO"
"P800052QURO_clim.2";1962;-1.0741943534416;-1.16244079958313;-0.0745194248779201;0.325604121661949;"P800052QURO"
"P800052QURO_clim.3";1963;-1.39150014227548;-0.0999356939584313;0.284749100118251;0.348264769693251;"P800052QURO"
"P800052QURO_clim.4";1964;-1.13911862662832;-0.35458059651179;-0.128184991940383;0.0340999080748637;"P800052QURO"
"P800052QURO_clim.5";1965;0.240949717079031;0.970925698899531;1.02981131805277;1.59856376964396;"P800052QURO"
"P800052QURO_clim.6";1966;-0.308132938791893;-0.581902812763737;0.542920568543792;0.800667305496489;"P800052QURO"
"P800052QURO_clim.7";1967;-0.510629284420405;-0.556912715099662;0.0652066378356025;-0.245596407313857;"P800052QURO"
"P800052QURO_clim.8";1968;-0.673687368021073;-0.665203443550951;-0.0844446994205116;-0.252678585399224;"P800052QURO"
"P800052QURO_clim.9";1969;-1.35158153530585;-1.0389365492869;-0.197669278775596;0.0591120072813169;"P800052QURO"
"P800052QURO_clim.10";1970;-1.07751125419451;-0.504067930471959;0.0939704983566673;0.556763700449428;"P800052QURO"
"P800052QURO_clim.11";1971;-1.0237863974799;-0.821849627620291;-0.266042138429922;-0.374629431296471;"P800052QURO"
"P800052QURO_clim.12";1972;-0.760911074561708;0.67523752260182;0.756416592900263;1.0894733950073;"P800052QURO"
"P800052QURO_clim.13";1973;-0.9490958096443;-0.628379766539799;-0.0172777582485856;-0.0610024803313391;"P800052QURO"
"P800052QURO_clim.14";1974;-0.805060557384272;-1.86526129437428;0.217364928339243;0.105549382957328;"P800052QURO"
"P800052QURO_clim.15";1975;-1.16492715558957;-0.564667965915815;0.0455598201970635;0.241310649758457;"P800052QURO"
"P800052QURO_clim.16";1976;-1.39023222402375;-1.32819194836994;-0.443637106873415;-0.93673715470711;"P800052QURO"
"P800052QURO_clim.17";1977;-0.823172106113136;-0.841086230412103;0.210928670109511;0.330531882230019;"P800052QURO"
"P800052QURO_clim.18";1978;-0.40324564350982;-0.245610634414688;0.201930330961212;0.230286320879113;"P800052QURO"
"P800052QURO_clim.19";1979;-1.47198810656977;0.197102271368107;0.455331686076386;0.710943487533085;"P800052QURO"
"P800052QURO_clim.20";1980;-0.726580572201368;-0.351985584495446;0.388599986249384;0.77270903491262;"P800052QURO"
"P800052QURO_clim.21";1981;-1.08706489155755;-0.405520518390786;0.20971918848016;0.295066428128432;"P800052QURO"
"P800052QURO_clim.22";1982;-1.73584418569288;-0.852418083316691;-0.0511188433376528;0.0391485882289915;"P800052QURO"
"P800052QURO_clim.23";1983;-1.92076834653475;-2.1555287865894;-0.553106721244926;-0.780648401978895;"P800052QURO"
"P800052QURO_clim.24";1984;-0.819901676281895;-0.551434046894022;0.591068232013568;0.858808442190566;"P800052QURO"
"P800052QURO_clim.25";1985;-0.770209373774997;0.555427434876201;0.508046579865694;1.12305720516761;"P800052QURO"
"P800052QURO_clim.26";1986;-0.840108045072165;-0.263719339054276;0.123734623653944;0.260280889734635;"P800052QURO"
"P800052QURO_clim.27";1987;-0.801716477463584;0.0829494771831368;0.632494678150747;1.03411149408172;"P800052QURO"
"P800052QURO_clim.28";1988;-1.01816056986987;-0.981018705951532;0.0597527567748613;0.0304716410491639;"P800052QURO"
"P800052QURO_clim.29";1989;-1.31304079889108;-0.979132397653113;-0.079364911886241;-0.401945784529457;"P800052QURO"
"P800052QURO_clim.30";1990;-1.26755994650574;-0.62235445049013;0.154256912889011;-0.000383714154468815;"P800052QURO"
"P800052QURO_clim.31";1991;-0.990699339109272;-1.02622754143214;0.247047436319568;0.27339334148955;"P800052QURO"
"P800052QURO_clim.32";1992;-1.55022024690032;-1.75108734236353;-0.698805778988658;-0.751386589697091;"P800052QURO"
"P800052QURO_clim.33";1993;-1.4393397880368;-1.97604912498537;-0.382586148049451;-0.802277053048864;"P800052QURO"
"P800052QURO_clim.34";1994;-1.69699127641673;-1.5211553800685;-0.131495671127847;-0.440874748636457;"P800052QURO"
"P800052QURO_clim.35";1995;-1.83142240660175;-0.0400017623061426;0.463854980129954;0.465179068589702;"P800052QURO"
"P800052QURO_clim.36";1996;-0.133574121249235;0.564067224361935;0.708647232250747;0.97538405918902;"P800052QURO"
"P800052QURO_clim.37";1997;-0.819524841849709;0.227587500315211;0.370022256467861;0.982807608297437;"P800052QURO"
"P800052QURO_clim.38";1998;-1.52088400453037;-1.47318610464708;-0.184395607385284;-0.750293125719789;"P800052QURO"
"P800052QURO_clim.39";1999;-1.04317994604117;-1.18570430730832;-0.182754030708696;-0.12015303433475;"P800052QURO"
"P800052QURO_clim.40";2000;-2.0812210969164;-2.04632213538256;-0.729875624571786;-0.605287027531064;"P800052QURO"
"P800052QURO_clim.41";2001;-0.849799489219399;-0.668063693829944;0.283573910908153;0.149463386080945;"P800052QURO"
"P800052QURO_clim.42";2002;-0.602848439988903;-0.554632471761515;0.216356899638754;0.00185094759299526;"P800052QURO"
"P800052QURO_clim.43";2003;-2.0940185170115;-2.07065990715827;-0.796027958703968;-1.42945733327097;"P800052QURO"
"P800052QURO_clim.44";2004;-0.96958092689936;-1.27790296356962;-0.415388767570087;-0.561978285606335;"P800052QURO"
"P800052QURO_clim.45";2005;-0.690094580641944;0.152603414954068;0.305030675397173;0.599755003934997;"P800052QURO"
"P800052QURO_clim.46";2006;-1.92448272006801;-1.23643147845901;-0.090515697231531;0.577235106802232;"P800052QURO"
"P800052QURO_clim.47";2007;-1.91457230383639;-1.88858004547263;-0.793780827612515;-1.33883594779551;"P800052QURO"
"P800052QURO_clim.48";2008;-0.897312058427683;-0.987752843017295;-0.378399010161982;-0.74186359660508;"P800052QURO"
"P800052QURO_clim.49";2009;-2.2127234339377;-0.124099295356329;-0.180884580522157;0.686319249790127;"P800052QURO"
"P800052QURO_clim.50";2010;0.453721108620596;0.0567229290196899;0.996060838288324;1.21787023710389;"P800052QURO"
"P800052QURO_clim.51";2011;-1.44831713224791;-1.43256230524447;-0.582137483067142;-0.761621487812189;"P800052QURO"
"P800052QURO_clim.52";2012;-1.34107820937814;-2.24112965452588;-0.5408232066567;-1.15675843308902;"P800052QURO"
"P800052QURO_clim.53";2013;-2.57349676192528;-1.52463903268053;-0.0695408487877064;0.273880096762126;"P800052QURO"
"P800052QURO_clim.54";2014;-1.58213113878261;-2.00719217946835;0.344611045596973;-0.275567181995761;"P800052QURO"
"P800052QURO_clim.55";2015;-1.22257414181497;-1.65474896725283;-0.809431152439373;-1.21358938102252;"P800052QURO"
"P800052QURO_clim.56";2016;-2.2051759326119;-1.29951248921301;-0.688321083477581;-0.531744004665835;"P800052QURO"
"P800052QURO_clim.57";2017;-1.70767704248092;-1.63692899503361;-0.257893598018726;-0.977899969495238;"P800052QURO"
"P800052QURO_clim.58";2018;-2.09243523805169;-2.25302319660767;-1.09782946032675;-1.77238066761989;"P800052QURO"
"P800052QURO_clim.59";2019;-1.13656820403852;-1.24267173982777;-0.0824621169475235;-0.346456781225661;"P800052QURO"
"P800052QURO_clim.60";2020;-0.980557554846028;-1.01580194437394;0.431275665701026;0.254623545870532;"P800052QURO"
"P800057FASY_clim.1";1961;-1.13158671760793;-0.982552051028044;0.210817609363609;0.40247500159678;"P800057FASY"
"P800057FASY_clim.2";1962;-1.23902432852172;-1.16973766155246;-0.164533065090686;0.317150513292533;"P800057FASY"
"P800057FASY_clim.3";1963;-1.49770803940584;-0.591094180415288;0.0301283812069469;-0.179784008889708;"P800057FASY"
"P800057FASY_clim.4";1964;-1.38592353268895;-0.51393149047965;-0.0643838598270842;-0.0315675064938385;"P800057FASY"
"P800057FASY_clim.5";1965;0.038774108765769;0.658247608949077;0.731470823481839;1.22626436663661;"P800057FASY"
"P800057FASY_clim.6";1966;-0.683798657750296;-0.656781280644638;0.444429302050866;0.704914600933692;"P800057FASY"
"P800057FASY_clim.7";1967;-0.601485695457645;-0.75132179494096;-0.0340309449089617;-0.406377154076632;"P800057FASY"
"P800057FASY_clim.8";1968;-1.29955329006658;-1.22620713596282;-0.266538761357697;-0.579197359695894;"P800057FASY"
"P800057FASY_clim.9";1969;-1.51714860071132;-1.3803663193127;-0.197617831049068;0.0350978685423024;"P800057FASY"
"P800057FASY_clim.10";1970;-1.07560382549665;-0.0604083450213344;0.223066831086577;0.845041557131955;"P800057FASY"
"P800057FASY_clim.11";1971;-1.26935603405418;-1.49550944833431;-0.364762072116492;-0.614207237716772;"P800057FASY"
"P800057FASY_clim.12";1972;-0.0586639720411285;0.366071149207177;0.852960840468527;1.13741497338361;"P800057FASY"
"P800057FASY_clim.13";1973;-0.888693221916328;-1.08991958920661;-0.326850236454359;-0.648586966493637;"P800057FASY"
"P800057FASY_clim.14";1974;-0.812419658484597;-2.05914740786732;0.00936312528460575;-0.286423240803248;"P800057FASY"
"P800057FASY_clim.15";1975;-0.408198769464019;-0.887557064304204;0.160999129680704;0.110488201474452;"P800057FASY"
"P800057FASY_clim.16";1976;-1.6685041911601;-1.68388517104453;-0.489992773503228;-1.26222670974868;"P800057FASY"
"P800057FASY_clim.17";1977;-0.271427680248461;-0.410172731699303;0.360060296059741;0.433187683981351;"P800057FASY"
"P800057FASY_clim.18";1978;-0.0954314380598648;-0.669860260550338;0.147152266256508;-0.0182030997868646;"P800057FASY"
"P800057FASY_clim.19";1979;-1.75744693194751;-0.0959058075345539;0.409085754269298;0.595250176893112;"P800057FASY"
"P800057FASY_clim.20";1980;-0.565157789483863;0.607075791722402;0.390324263989023;0.880160224973562;"P800057FASY"
"P800057FASY_clim.21";1981;-1.11865707130593;-0.899773916023955;-0.0820617614437646;-0.153005472132154;"P800057FASY"
"P800057FASY_clim.22";1982;-1.14436979614666;-1.12344663534996;-0.054793250606223;-0.216669714245801;"P800057FASY"
"P800057FASY_clim.23";1983;-1.60398448207619;-1.999148577117;-0.558671850676037;-0.818076500343217;"P800057FASY"
"P800057FASY_clim.24";1984;-0.670992078907776;-0.077729124329731;0.428813142108543;0.512693923323779;"P800057FASY"
"P800057FASY_clim.25";1985;-0.696871514205002;0.666926314114648;0.41128199061635;0.867024175511421;"P800057FASY"
"P800057FASY_clim.26";1986;-1.17489909478285;-0.859136694881411;0.0310978638056277;0.111368243304905;"P800057FASY"
"P800057FASY_clim.27";1987;-0.424884760549401;0.114494017106589;0.5960815777617;1.01379048848774;"P800057FASY"
"P800057FASY_clim.28";1988;-1.33625309558075;-1.25964074635082;-0.351159899070413;-0.526050662612315;"P800057FASY"
"P800057FASY_clim.29";1989;-0.580840566266357;-0.591980804968921;0.27234662825848;0.0780425690735387;"P800057FASY"
"P800057FASY_clim.30";1990;-1.16804717247209;-1.24193428489258;-0.154070671152042;-0.504846375110661;"P800057FASY"
"P800057FASY_clim.31";1991;-1.00706731154212;-1.32421778171834;0.15205124003094;0.0452351875884568;"P800057FASY"
"P800057FASY_clim.32";1992;-1.90364283820913;-2.18495645012176;-1.14027302063791;-1.19180981121055;"P800057FASY"
"P800057FASY_clim.33";1993;-1.23559251165164;-1.72680808793051;-0.51691784687226;-0.940970286107746;"P800057FASY"
"P800057FASY_clim.34";1994;-2.15348170941545;-1.94802237569697;-0.0294103275722678;-0.470082117173999;"P800057FASY"
"P800057FASY_clim.35";1995;-0.67351529814249;-0.376228651243516;0.359577846870406;0.336939660562713;"P800057FASY"
"P800057FASY_clim.36";1996;-0.290438497803307;-0.0680966528079113;0.647113878672089;0.784849230633319;"P800057FASY"
"P800057FASY_clim.37";1997;-1.48491160867576;0.49896389806111;0.253996588512559;1.18495477621458;"P800057FASY"
"P800057FASY_clim.38";1998;-1.40868520691473;-1.15969368004166;-0.247262455571442;-0.773615093134222;"P800057FASY"
"P800057FASY_clim.39";1999;-0.751528075556669;-0.616137775290289;-0.0125608556501982;-0.00501532900280759;"P800057FASY"
"P800057FASY_clim.40";2000;-1.59260804333528;-1.63683752802214;-0.592669069055363;0.177737254599116;"P800057FASY"
"P800057FASY_clim.41";2001;-0.587421878121416;-0.0883178557017391;0.452633750941158;0.505124506608106;"P800057FASY"
"P800057FASY_clim.42";2002;-0.831791292253411;-1.11252186245178;0.281513074232595;0.168062586308898;"P800057FASY"
"P800057FASY_clim.43";2003;-1.84226277309932;-1.78290169120462;-0.562723725650819;-1.04374546154674;"P800057FASY"
"P800057FASY_clim.44";2004;-1.23716001753747;-1.16941999095624;-0.359125247469112;-0.619219759019507;"P800057FASY"
"P800057FASY_clim.45";2005;-0.850553146083846;-0.721358266222454;0.0719189567328568;0.246609339118259;"P800057FASY"
"P800057FASY_clim.46";2006;-2.10088758333633;-1.22511500862864;0.0219942484005396;0.533470669342874;"P800057FASY"
"P800057FASY_clim.47";2007;-2.05716650494998;-1.03291483216549;0.0493784995908536;-0.0499137073252963;"P800057FASY"
"P800057FASY_clim.48";2008;-0.943604871879372;-0.930731896536681;-0.301311078433807;-0.358188584805375;"P800057FASY"
"P800057FASY_clim.49";2009;-2.02884016108866;0.277715300856734;0.023457491856052;1.22826585087551;"P800057FASY"
"P800057FASY_clim.50";2010;0.13107111489767;0.686204939907809;1.00465227296772;1.29399711865421;"P800057FASY"
"P800057FASY_clim.51";2011;-1.00954801156959;-1.43374834375008;-0.283652538428786;-0.58295450572716;"P800057FASY"
"P800057FASY_clim.52";2012;-1.46979629179067;-2.30041811514477;-0.395487732901532;-0.934460634315843;"P800057FASY"
"P800057FASY_clim.53";2013;-1.78810914699228;-0.74169456338197;0.0503752013288032;-0.00558984209723884;"P800057FASY"
"P800057FASY_clim.54";2014;-1.46500636374214;-1.53633407405316;0.349402065601679;0.0559985707067022;"P800057FASY"
"P800057FASY_clim.55";2015;-1.50729278029053;-1.57665455419945;-0.620516722762128;-0.98237920332385;"P800057FASY"
"P800057FASY_clim.56";2016;-2.19850887934638;-1.18442767929584;-0.418891813705092;-0.0156092898363945;"P800057FASY"
"P800057FASY_clim.57";2017;-1.31103051012971;-0.576743209035184;0.0279188507343376;-0.193081160266688;"P800057FASY"
"P800057FASY_clim.58";2018;-1.96889144257626;-2.59212527375634;-1.20813995791557;-2.13893462915217;"P800057FASY"
"P800057FASY_clim.59";2019;-1.42565322079114;-1.2182590349388;-0.17924553042586;-0.410131691592379;"P800057FASY"
"P800057FASY_clim.60";2020;-1.25580398403405;-0.617859379910845;0.750635072829631;1.15299639901777;"P800057FASY"
"P800057PISY_clim.1";1961;-1.13158671760793;-0.982552051028044;0.210817609363609;0.40247500159678;"P800057PISY"
"P800057PISY_clim.2";1962;-1.23902432852172;-1.16973766155246;-0.164533065090686;0.317150513292533;"P800057PISY"
"P800057PISY_clim.3";1963;-1.49770803940584;-0.591094180415288;0.0301283812069469;-0.179784008889708;"P800057PISY"
"P800057PISY_clim.4";1964;-1.38592353268895;-0.51393149047965;-0.0643838598270842;-0.0315675064938385;"P800057PISY"
"P800057PISY_clim.5";1965;0.038774108765769;0.658247608949077;0.731470823481839;1.22626436663661;"P800057PISY"
"P800057PISY_clim.6";1966;-0.683798657750296;-0.656781280644638;0.444429302050866;0.704914600933692;"P800057PISY"
"P800057PISY_clim.7";1967;-0.601485695457645;-0.75132179494096;-0.0340309449089617;-0.406377154076632;"P800057PISY"
"P800057PISY_clim.8";1968;-1.29955329006658;-1.22620713596282;-0.266538761357697;-0.579197359695894;"P800057PISY"
"P800057PISY_clim.9";1969;-1.51714860071132;-1.3803663193127;-0.197617831049068;0.0350978685423024;"P800057PISY"
"P800057PISY_clim.10";1970;-1.07560382549665;-0.0604083450213344;0.223066831086577;0.845041557131955;"P800057PISY"
"P800057PISY_clim.11";1971;-1.26935603405418;-1.49550944833431;-0.364762072116492;-0.614207237716772;"P800057PISY"
"P800057PISY_clim.12";1972;-0.0586639720411285;0.366071149207177;0.852960840468527;1.13741497338361;"P800057PISY"
"P800057PISY_clim.13";1973;-0.888693221916328;-1.08991958920661;-0.326850236454359;-0.648586966493637;"P800057PISY"
"P800057PISY_clim.14";1974;-0.812419658484597;-2.05914740786732;0.00936312528460575;-0.286423240803248;"P800057PISY"
"P800057PISY_clim.15";1975;-0.408198769464019;-0.887557064304204;0.160999129680704;0.110488201474452;"P800057PISY"
"P800057PISY_clim.16";1976;-1.6685041911601;-1.68388517104453;-0.489992773503228;-1.26222670974868;"P800057PISY"
"P800057PISY_clim.17";1977;-0.271427680248461;-0.410172731699303;0.360060296059741;0.433187683981351;"P800057PISY"
"P800057PISY_clim.18";1978;-0.0954314380598648;-0.669860260550338;0.147152266256508;-0.0182030997868646;"P800057PISY"
"P800057PISY_clim.19";1979;-1.75744693194751;-0.0959058075345539;0.409085754269298;0.595250176893112;"P800057PISY"
"P800057PISY_clim.20";1980;-0.565157789483863;0.607075791722402;0.390324263989023;0.880160224973562;"P800057PISY"
"P800057PISY_clim.21";1981;-1.11865707130593;-0.899773916023955;-0.0820617614437646;-0.153005472132154;"P800057PISY"
"P800057PISY_clim.22";1982;-1.14436979614666;-1.12344663534996;-0.054793250606223;-0.216669714245801;"P800057PISY"
"P800057PISY_clim.23";1983;-1.60398448207619;-1.999148577117;-0.558671850676037;-0.818076500343217;"P800057PISY"
"P800057PISY_clim.24";1984;-0.670992078907776;-0.077729124329731;0.428813142108543;0.512693923323779;"P800057PISY"
"P800057PISY_clim.25";1985;-0.696871514205002;0.666926314114648;0.41128199061635;0.867024175511421;"P800057PISY"
"P800057PISY_clim.26";1986;-1.17489909478285;-0.859136694881411;0.0310978638056277;0.111368243304905;"P800057PISY"
"P800057PISY_clim.27";1987;-0.424884760549401;0.114494017106589;0.5960815777617;1.01379048848774;"P800057PISY"
"P800057PISY_clim.28";1988;-1.33625309558075;-1.25964074635082;-0.351159899070413;-0.526050662612315;"P800057PISY"
"P800057PISY_clim.29";1989;-0.580840566266357;-0.591980804968921;0.27234662825848;0.0780425690735387;"P800057PISY"
"P800057PISY_clim.30";1990;-1.16804717247209;-1.24193428489258;-0.154070671152042;-0.504846375110661;"P800057PISY"
"P800057PISY_clim.31";1991;-1.00706731154212;-1.32421778171834;0.15205124003094;0.0452351875884568;"P800057PISY"
"P800057PISY_clim.32";1992;-1.90364283820913;-2.18495645012176;-1.14027302063791;-1.19180981121055;"P800057PISY"
"P800057PISY_clim.33";1993;-1.23559251165164;-1.72680808793051;-0.51691784687226;-0.940970286107746;"P800057PISY"
"P800057PISY_clim.34";1994;-2.15348170941545;-1.94802237569697;-0.0294103275722678;-0.470082117173999;"P800057PISY"
"P800057PISY_clim.35";1995;-0.67351529814249;-0.376228651243516;0.359577846870406;0.336939660562713;"P800057PISY"
"P800057PISY_clim.36";1996;-0.290438497803307;-0.0680966528079113;0.647113878672089;0.784849230633319;"P800057PISY"
"P800057PISY_clim.37";1997;-1.48491160867576;0.49896389806111;0.253996588512559;1.18495477621458;"P800057PISY"
"P800057PISY_clim.38";1998;-1.40868520691473;-1.15969368004166;-0.247262455571442;-0.773615093134222;"P800057PISY"
"P800057PISY_clim.39";1999;-0.751528075556669;-0.616137775290289;-0.0125608556501982;-0.00501532900280759;"P800057PISY"
"P800057PISY_clim.40";2000;-1.59260804333528;-1.63683752802214;-0.592669069055363;0.177737254599116;"P800057PISY"
"P800057PISY_clim.41";2001;-0.587421878121416;-0.0883178557017391;0.452633750941158;0.505124506608106;"P800057PISY"
"P800057PISY_clim.42";2002;-0.831791292253411;-1.11252186245178;0.281513074232595;0.168062586308898;"P800057PISY"
"P800057PISY_clim.43";2003;-1.84226277309932;-1.78290169120462;-0.562723725650819;-1.04374546154674;"P800057PISY"
"P800057PISY_clim.44";2004;-1.23716001753747;-1.16941999095624;-0.359125247469112;-0.619219759019507;"P800057PISY"
"P800057PISY_clim.45";2005;-0.850553146083846;-0.721358266222454;0.0719189567328568;0.246609339118259;"P800057PISY"
"P800057PISY_clim.46";2006;-2.10088758333633;-1.22511500862864;0.0219942484005396;0.533470669342874;"P800057PISY"
"P800057PISY_clim.47";2007;-2.05716650494998;-1.03291483216549;0.0493784995908536;-0.0499137073252963;"P800057PISY"
"P800057PISY_clim.48";2008;-0.943604871879372;-0.930731896536681;-0.301311078433807;-0.358188584805375;"P800057PISY"
"P800057PISY_clim.49";2009;-2.02884016108866;0.277715300856734;0.023457491856052;1.22826585087551;"P800057PISY"
"P800057PISY_clim.50";2010;0.13107111489767;0.686204939907809;1.00465227296772;1.29399711865421;"P800057PISY"
"P800057PISY_clim.51";2011;-1.00954801156959;-1.43374834375008;-0.283652538428786;-0.58295450572716;"P800057PISY"
"P800057PISY_clim.52";2012;-1.46979629179067;-2.30041811514477;-0.395487732901532;-0.934460634315843;"P800057PISY"
"P800057PISY_clim.53";2013;-1.78810914699228;-0.74169456338197;0.0503752013288032;-0.00558984209723884;"P800057PISY"
"P800057PISY_clim.54";2014;-1.46500636374214;-1.53633407405316;0.349402065601679;0.0559985707067022;"P800057PISY"
"P800057PISY_clim.55";2015;-1.50729278029053;-1.57665455419945;-0.620516722762128;-0.98237920332385;"P800057PISY"
"P800057PISY_clim.56";2016;-2.19850887934638;-1.18442767929584;-0.418891813705092;-0.0156092898363945;"P800057PISY"
"P800057PISY_clim.57";2017;-1.31103051012971;-0.576743209035184;0.0279188507343376;-0.193081160266688;"P800057PISY"
"P800057PISY_clim.58";2018;-1.96889144257626;-2.59212527375634;-1.20813995791557;-2.13893462915217;"P800057PISY"
"P800057PISY_clim.59";2019;-1.42565322079114;-1.2182590349388;-0.17924553042586;-0.410131691592379;"P800057PISY"
"P800057PISY_clim.60";2020;-1.25580398403405;-0.617859379910845;0.750635072829631;1.15299639901777;"P800057PISY"
"P800058PCAB_clim.1";1961;-1.036043134625;-0.254301771864227;0.195127214993244;0.515024696173478;"P800058PCAB"
"P800058PCAB_clim.2";1962;-0.789493426739285;-0.828839176413965;0.00371540789990558;0.498039515403526;"P800058PCAB"
"P800058PCAB_clim.3";1963;-1.6581260589734;-0.841131620802683;0.108247974960683;-0.0775056666790391;"P800058PCAB"
"P800058PCAB_clim.4";1964;-1.07473038777607;0.0386599291047335;0.18459911359974;0.488221167216466;"P800058PCAB"
"P800058PCAB_clim.5";1965;0.137229921294461;1.11136708494809;1.01662867813109;1.68857766849942;"P800058PCAB"
"P800058PCAB_clim.6";1966;-0.340138995182297;-0.292462153916971;0.558163395932152;0.817496962220382;"P800058PCAB"
"P800058PCAB_clim.7";1967;-0.445521607973239;-0.177495666129179;0.447689308351089;0.35460424354212;"P800058PCAB"
"P800058PCAB_clim.8";1968;-0.65959842408977;-0.958386377850414;-0.153361344995626;-0.323185899175851;"P800058PCAB"
"P800058PCAB_clim.9";1969;-1.51410827999642;-1.19595780121456;-0.0385235506096328;0.283787084549728;"P800058PCAB"
"P800058PCAB_clim.10";1970;-0.970237851731943;-0.784419706529895;0.0265053993811627;0.470414030187166;"P800058PCAB"
"P800058PCAB_clim.11";1971;-1.32149310675074;-1.32791497169154;-0.13281437902252;-0.211322887781025;"P800058PCAB"
"P800058PCAB_clim.12";1972;-0.0695839827316613;0.192837394959467;0.826756875701572;0.966101674823846;"P800058PCAB"
"P800058PCAB_clim.13";1973;-1.55602928321373;-1.47310680757848;-0.321487159456319;-0.505228668736413;"P800058PCAB"
"P800058PCAB_clim.14";1974;-1.04934459848742;-1.99698970676898;0.140331678654025;0.0811192142086971;"P800058PCAB"
"P800058PCAB_clim.15";1975;-1.28679193543766;-0.572176241994005;0.108433476964879;0.282942645487657;"P800058PCAB"
"P800058PCAB_clim.16";1976;-1.40697701837331;-1.56222445161973;-0.484727052525657;-1.16986399414781;"P800058PCAB"
"P800058PCAB_clim.17";1977;-0.290350231259058;-0.172857310250994;0.280242476595152;0.395419793843369;"P800058PCAB"
"P800058PCAB_clim.18";1978;-0.157381394549489;-0.527430214375693;0.328563657052971;0.160406044071582;"P800058PCAB"
"P800058PCAB_clim.19";1979;-2.03109013467177;-0.411663935289133;0.187915159288249;0.247184859004211;"P800058PCAB"
"P800058PCAB_clim.20";1980;-0.478087933675582;0.647665272306272;0.38774999473455;0.824408488002932;"P800058PCAB"
"P800058PCAB_clim.21";1981;-1.16674852106953;-1.09657350602113;0.0843039192115465;0.0745035302545846;"P800058PCAB"
"P800058PCAB_clim.22";1982;-1.33228173552829;-0.712624986666269;-0.118445794423533;-0.245456075424889;"P800058PCAB"
"P800058PCAB_clim.23";1983;-1.93732683768738;-1.99683224597633;-0.446601794642064;-0.468525019650149;"P800058PCAB"
"P800058PCAB_clim.24";1984;-0.438018565950251;-0.142727590482979;0.387593437379653;0.311114656665644;"P800058PCAB"
"P800058PCAB_clim.25";1985;-0.505094979514081;-0.0415382258284362;0.536896138547736;1.12116929750017;"P800058PCAB"
"P800058PCAB_clim.26";1986;-1.07436977900515;-0.904669842757777;0.0611249605136088;0.130440431570811;"P800058PCAB"
"P800058PCAB_clim.27";1987;-0.398701930732375;0.235364899825856;0.706354056459277;1.11253046497765;"P800058PCAB"
"P800058PCAB_clim.28";1988;-1.75959934727592;-1.13958434378036;-0.214527094178314;-0.148162431518919;"P800058PCAB"
"P800058PCAB_clim.29";1989;-0.756672550518089;-0.622131968569465;0.109525598653698;-0.217203023721388;"P800058PCAB"
"P800058PCAB_clim.30";1990;-1.0860770713971;-1.31463329397622;-0.212162323110058;-0.689686941502964;"P800058PCAB"
"P800058PCAB_clim.31";1991;-0.6219634919185;-1.13530730957656;0.109014380021058;-0.110249357926055;"P800058PCAB"
"P800058PCAB_clim.32";1992;-2.44162403530086;-1.89626701244576;-1.10078874729071;-1.1543196630728;"P800058PCAB"
"P800058PCAB_clim.33";1993;-1.18767943755531;-1.56488794399459;-0.511392594034807;-0.891494838036786;"P800058PCAB"
"P800058PCAB_clim.34";1994;-1.94988550719755;-2.00963821131262;-0.201403697787928;-0.593598734888072;"P800058PCAB"
"P800058PCAB_clim.35";1995;-0.804140709884372;-0.146162586748829;0.31845424390673;0.346849404568479;"P800058PCAB"
"P800058PCAB_clim.36";1996;0.122209977526807;-0.0398624401235547;0.718373095381704;0.873251713584258;"P800058PCAB"
"P800058PCAB_clim.37";1997;-1.15618242056829;0.387743292817926;0.262615659997764;0.98667901279322;"P800058PCAB"
"P800058PCAB_clim.38";1998;-1.42662864468478;-1.12543957205811;-0.083483001015394;-0.421305764059367;"P800058PCAB"
"P800058PCAB_clim.39";1999;-0.939810113412428;-0.862248248980674;0.00141690460324915;0.209812827568294;"P800058PCAB"
"P800058PCAB_clim.40";2000;-1.59709667789347;-1.89827418141851;-0.71057799833055;-0.0622138821352028;"P800058PCAB"
"P800058PCAB_clim.41";2001;-0.0752795758909822;0.128161391213655;0.417666133244491;0.492778327866706;"P800058PCAB"
"P800058PCAB_clim.42";2002;-1.15383031930736;-1.27439913644456;-0.126199519719565;-0.39364489133236;"P800058PCAB"
"P800058PCAB_clim.43";2003;-2.06066826015973;-1.81219618417707;-0.65170525104964;-1.06833271584662;"P800058PCAB"
"P800058PCAB_clim.44";2004;-0.852494413300454;-0.790292048501402;-0.242725677915907;-0.520278868094778;"P800058PCAB"
"P800058PCAB_clim.45";2005;-1.20846986137944;-1.11488232279664;-0.0495164797975658;-0.0581004810767731;"P800058PCAB"
"P800058PCAB_clim.46";2006;-2.28388002436593;-1.30700315678836;-0.185806948684217;0.333669300973452;"P800058PCAB"
"P800058PCAB_clim.47";2007;-2.07512001662582;-1.63235728641708;-0.435192279565835;-1.03214345681162;"P800058PCAB"
"P800058PCAB_clim.48";2008;-0.883823800784799;-0.893062635451237;-0.239301272287908;-0.47245655530753;"P800058PCAB"
"P800058PCAB_clim.49";2009;-2.25612632041104;-0.0618570486228806;-0.102874593204839;0.779156552847393;"P800058PCAB"
"P800058PCAB_clim.50";2010;0.615514943545115;-0.204899994891275;1.07207337610646;1.30726766803689;"P800058PCAB"
"P800058PCAB_clim.51";2011;-1.08126815431799;-1.85331841791152;-0.0742014633173105;-0.685187685937713;"P800058PCAB"
"P800058PCAB_clim.52";2012;-1.00718705991881;-2.16174651637542;-0.558465535092107;-1.14887593141588;"P800058PCAB"
"P800058PCAB_clim.53";2013;-1.52107194817878;-0.814868907772107;0.0797147241770914;0.186699902125699;"P800058PCAB"
"P800058PCAB_clim.54";2014;-1.24184096769054;-1.58499670170794;0.362699921241672;0.0229386861007384;"P800058PCAB"
"P800058PCAB_clim.55";2015;-1.53124816113206;-1.76951601708264;-0.941689440233454;-1.49494719078071;"P800058PCAB"
"P800058PCAB_clim.56";2016;-2.18319210030749;-1.35661823301651;-0.71652385459581;-0.756468516920876;"P800058PCAB"
"P800058PCAB_clim.57";2017;-1.59681330833796;-0.63896693129577;-0.0167061552256418;-0.21167193959948;"P800058PCAB"
"P800058PCAB_clim.58";2018;-1.91360046654047;-1.81976660740317;-0.891022221862946;-1.61553967568585;"P800058PCAB"
"P800058PCAB_clim.59";2019;-1.47138182833336;-1.37486133287315;-0.385212124668335;-0.629383269958418;"P800058PCAB"
"P800058PCAB_clim.60";2020;-0.656680638805344;-0.358491167205112;0.697450777055095;1.08842392878432;"P800058PCAB"
"P800060QUPE_clim.1";1961;-1.02725972653421;-0.490875511599201;0.073151981308399;0.302031638627585;"P800060QUPE"
"P800060QUPE_clim.2";1962;-1.09717873825086;-0.61381132019887;0.153925779417557;0.453499529505364;"P800060QUPE"
"P800060QUPE_clim.3";1963;-1.22227300916196;-1.15071332442176;0.18195873369996;-0.16850411562271;"P800060QUPE"
"P800060QUPE_clim.4";1964;-1.19566812919301;-0.642334852673385;-0.0463954224487586;0.0250774532486309;"P800060QUPE"
"P800060QUPE_clim.5";1965;-0.182208945648438;0.9999314135171;0.981272216051398;1.76345654811324;"P800060QUPE"
"P800060QUPE_clim.6";1966;-0.852100234463395;0.310679842771619;0.521917799857948;1.0512444316488;"P800060QUPE"
"P800060QUPE_clim.7";1967;-0.447837777920166;-0.644452738003513;0.503992569694584;0.503302742423097;"P800060QUPE"
"P800060QUPE_clim.8";1968;-0.453190867083669;-0.38550265653483;0.228893961102761;0.229748138661116;"P800060QUPE"
"P800060QUPE_clim.9";1969;-1.22168937477718;-1.55728554931114;-0.560830204341643;-0.696763582682112;"P800060QUPE"
"P800060QUPE_clim.10";1970;-0.777176483190233;-0.435431436413619;0.0762906157511001;0.471657382553139;"P800060QUPE"
"P800060QUPE_clim.11";1971;-1.29304917536611;-1.3401970648509;-0.107570303926471;-0.179543473577881;"P800060QUPE"
"P800060QUPE_clim.12";1972;-0.849373831546806;-1.0746644837888;0.33663517604992;0.0609665105432115;"P800060QUPE"
"P800060QUPE_clim.13";1973;-1.75097223095312;-0.91476708146551;-0.235168012953191;0.035906151496131;"P800060QUPE"
"P800060QUPE_clim.14";1974;-1.17633481253339;-2.13297297722072;0.200326197395239;0.244326475850247;"P800060QUPE"
"P800060QUPE_clim.15";1975;-1.77976681626338;-1.33662839804305;-0.161271668394004;-0.0589527888422378;"P800060QUPE"
"P800060QUPE_clim.16";1976;-1.54345597944715;-1.78248138671135;-0.659128349637402;-1.30096817813935;"P800060QUPE"
"P800060QUPE_clim.17";1977;-0.186388121230806;0.597283610380376;0.719654264163112;1.01071492077603;"P800060QUPE"
"P800060QUPE_clim.18";1978;-0.713887042893743;-0.373805096902864;0.471780169783563;0.359749818137844;"P800060QUPE"
"P800060QUPE_clim.19";1979;-1.53385214675698;-0.609067273634988;0.200104811980321;0.291625334450266;"P800060QUPE"
"P800060QUPE_clim.20";1980;-1.03723831857697;0.850943891469053;0.430067592145639;1.18332969331727;"P800060QUPE"
"P800060QUPE_clim.21";1981;-1.63492248800523;-1.35454561636021;-0.137781423098784;0.0262365094255188;"P800060QUPE"
"P800060QUPE_clim.22";1982;-1.27162527430631;-1.67227860592643;-0.316717687605502;-0.452961107496099;"P800060QUPE"
"P800060QUPE_clim.23";1983;-2.03401489603494;-1.53435191068467;-0.430540961833522;-0.7895438397272;"P800060QUPE"
"P800060QUPE_clim.24";1984;-0.293949901884871;-0.0962271351768595;0.442520853132654;0.365559624784771;"P800060QUPE"
"P800060QUPE_clim.25";1985;-0.765491234519653;-0.38923079667369;0.259353302540157;0.289729615381963;"P800060QUPE"
"P800060QUPE_clim.26";1986;-0.700658459147139;-0.776418973678515;0.0260158653823827;-0.0756258421345714;"P800060QUPE"
"P800060QUPE_clim.27";1987;-0.0518154823262331;0.353443761446078;0.744873544612907;1.09678077814732;"P800060QUPE"
"P800060QUPE_clim.28";1988;-1.68997714072255;-1.5174616474861;-0.303342526627523;-0.408046749219782;"P800060QUPE"
"P800060QUPE_clim.29";1989;-0.85406446611372;-0.603512437242099;0.168516965743805;-0.207955277446513;"P800060QUPE"
"P800060QUPE_clim.30";1990;-1.71929341021918;-1.89817058085657;-0.488269909084639;-0.943748925450903;"P800060QUPE"
"P800060QUPE_clim.31";1991;-0.829546312105275;-1.11048167346;0.0762235731047473;-0.125332712656367;"P800060QUPE"
"P800060QUPE_clim.32";1992;-2.04574557621101;-1.74180253548169;-0.750667430290589;-0.88690983456736;"P800060QUPE"
"P800060QUPE_clim.33";1993;-0.60264524361711;-0.619081643946924;0.121856529427075;0.0348479311211612;"P800060QUPE"
"P800060QUPE_clim.34";1994;-1.50528014444498;-1.32991709234771;-0.101646239250401;-0.434250048107759;"P800060QUPE"
"P800060QUPE_clim.35";1995;-0.730182167580387;0.423401906978453;0.876777916595489;1.0685635375141;"P800060QUPE"
"P800060QUPE_clim.36";1996;-0.146473814328027;-0.306115744905234;0.374837746187157;0.22977358366511;"P800060QUPE"
"P800060QUPE_clim.37";1997;-1.32734344975372;0.149974529073611;0.0399571980555354;0.906479949350156;"P800060QUPE"
"P800060QUPE_clim.38";1998;-1.56864254802318;-1.41456748491578;0.0200025951570031;-0.227455822027047;"P800060QUPE"
"P800060QUPE_clim.39";1999;-0.936183381948639;-1.28750636955387;-0.302207450704423;-0.290063307675066;"P800060QUPE"
"P800060QUPE_clim.40";2000;-1.47499855646908;-1.66539070139223;-0.639894536278967;-0.119678033698385;"P800060QUPE"
"P800060QUPE_clim.41";2001;0.316978785077011;1.117834312354;0.947147242558258;1.36576234299467;"P800060QUPE"
"P800060QUPE_clim.42";2002;-1.63075012518714;-1.62859021672583;0.0160616678218971;-0.0349567515124206;"P800060QUPE"
"P800060QUPE_clim.43";2003;-2.24758287399707;-1.93790015002826;-0.802718241383597;-1.38280485373994;"P800060QUPE"
"P800060QUPE_clim.44";2004;-0.909743715042327;-0.673135336910634;0.0495768906619612;0.217670992587119;"P800060QUPE"
"P800060QUPE_clim.45";2005;-1.19114741994712;-0.88940158230238;0.0544564305239147;0.517662455040697;"P800060QUPE"
"P800060QUPE_clim.46";2006;-1.67097802629608;-0.813651820702546;-0.021680307486365;0.694530362232671;"P800060QUPE"
"P800060QUPE_clim.47";2007;-2.11281921987786;-1.80648837324524;-0.252795340504521;-0.821923628265067;"P800060QUPE"
"P800060QUPE_clim.48";2008;-0.505763798004337;-0.646220022724015;-0.272442998084093;-0.506422533856946;"P800060QUPE"
"P800060QUPE_clim.49";2009;-2.28799416030969;-0.815035374893594;-0.462528943172049;-0.0584405925643612;"P800060QUPE"
"P800060QUPE_clim.50";2010;-0.765441399949914;-0.260339701998738;0.764413971210461;0.855276783093856;"P800060QUPE"
"P800060QUPE_clim.51";2011;-0.965500660246869;-1.83330353684892;0.0317049439755612;-0.337399355943753;"P800060QUPE"
"P800060QUPE_clim.52";2012;-0.948609015651795;-1.13858241683923;-0.183522460941449;-0.53238345478297;"P800060QUPE"
"P800060QUPE_clim.53";2013;-1.09038559578437;-0.649267281212683;0.302018376115332;0.315870736895242;"P800060QUPE"
"P800060QUPE_clim.54";2014;-1.3058718151739;-1.6687950099782;-0.031494664724435;-0.582728917077063;"P800060QUPE"
"P800060QUPE_clim.55";2015;-1.89937337206252;-1.6246016953825;-0.745727224623826;-1.34477746509708;"P800060QUPE"
"P800060QUPE_clim.56";2016;-2.0278794018508;-1.45023726405508;-0.706463979557719;-0.820524330231761;"P800060QUPE"
"P800060QUPE_clim.57";2017;-1.24421518470198;-0.756609494873419;0.0404018791155621;0.00758171226786769;"P800060QUPE"
"P800060QUPE_clim.58";2018;-1.98677842561257;-2.42864651756866;-1.24487583734513;-1.97023611831879;"P800060QUPE"
"P800060QUPE_clim.59";2019;-2.27771088117827;-1.48661473942737;-0.450436258714823;-0.77458967146409;"P800060QUPE"
"P800060QUPE_clim.60";2020;-1.11119239510553;-0.281625719451288;0.336170557868898;0.484647574025051;"P800060QUPE"
"P800064FASY_clim.1";1961;-1.33355298600452;-0.456010041503344;-0.220762476899953;-0.112524987163573;"P800064FASY"
"P800064FASY_clim.2";1962;-0.942921833834559;-1.04034536517304;-0.0431345222348948;0.367210982921784;"P800064FASY"
"P800064FASY_clim.3";1963;-0.986074860611503;-0.913353898931854;0.205908543392876;0.00131682807066604;"P800064FASY"
"P800064FASY_clim.4";1964;-0.396365531460977;-0.116748496924678;0.35304788535261;0.594316177864182;"P800064FASY"
"P800064FASY_clim.5";1965;0.118760994374164;0.933126503638601;0.900569083251175;1.5534616522997;"P800064FASY"
"P800064FASY_clim.6";1966;-0.25303376821181;0.341636730777853;0.652725710930326;1.26480746936637;"P800064FASY"
"P800064FASY_clim.7";1967;0.124807499950006;0.0294492798913172;0.612766716780723;0.744925859510707;"P800064FASY"
"P800064FASY_clim.8";1968;-0.597831515405412;-0.335699266269931;0.249569487528844;0.204757057780205;"P800064FASY"
"P800064FASY_clim.9";1969;-1.34993919381693;-1.31365346525648;-0.0921248418622062;0.198341829764014;"P800064FASY"
"P800064FASY_clim.10";1970;-0.499481430353348;0.164342875266002;0.455710554091133;1.14000779504845;"P800064FASY"
"P800064FASY_clim.11";1971;-1.20716870369129;-1.08403620448863;0.224955532269421;0.649741861717855;"P800064FASY"
"P800064FASY_clim.12";1972;-0.266348517762097;-0.258075213985256;0.553552183965957;0.518156406734392;"P800064FASY"
"P800064FASY_clim.13";1973;-1.04973730006215;-1.03572422424288;-0.139801395606985;-0.216752626393449;"P800064FASY"
"P800064FASY_clim.14";1974;-1.11725696763846;-2.12993745422827;0.114516576458684;-0.0549060482506354;"P800064FASY"
"P800064FASY_clim.15";1975;-1.67180064804029;-0.699219118944158;-0.0955371172329141;0.0726974001642822;"P800064FASY"
"P800064FASY_clim.16";1976;-1.25488075965815;-1.36778413995578;-0.191504922480784;-0.781328629386829;"P800064FASY"
"P800064FASY_clim.17";1977;-0.319146716610313;-0.132792849617622;0.395370219429838;0.371811946405643;"P800064FASY"
"P800064FASY_clim.18";1978;-0.830111755127875;-0.524139676875725;0.165843537571687;-0.0802378295966972;"P800064FASY"
"P800064FASY_clim.19";1979;-1.58848268101491;-0.566247296814549;0.195809023795424;0.0477382598143621;"P800064FASY"
"P800064FASY_clim.20";1980;-0.628787851463664;0.310815743420238;0.50926288972708;0.932738705361479;"P800064FASY"
"P800064FASY_clim.21";1981;-1.18363732785148;-1.16020481562335;-0.00255529694835765;0.0560602401433813;"P800064FASY"
"P800064FASY_clim.22";1982;-1.38607637712016;-1.46590906957329;-0.391308245781702;-0.759518578848333;"P800064FASY"
"P800064FASY_clim.23";1983;-2.04992415942797;-1.77800101637401;-0.569962535333763;-0.839830786995166;"P800064FASY"
"P800064FASY_clim.24";1984;-0.968884125755564;-0.442970800222318;0.131468980205187;-0.0959562823028095;"P800064FASY"
"P800064FASY_clim.25";1985;-0.81955956885604;-0.340736995598059;0.2961228566408;0.406868487603292;"P800064FASY"
"P800064FASY_clim.26";1986;-0.909242309427358;-0.742977779975043;0.306723150428288;0.523383680893488;"P800064FASY"
"P800064FASY_clim.27";1987;-0.672107055558115;-0.531051539554078;0.395821374484339;0.519912165872162;"P800064FASY"
"P800064FASY_clim.28";1988;-1.25047825516694;-1.57618801174586;-0.313228279740972;-0.512562141478777;"P800064FASY"
"P800064FASY_clim.29";1989;-0.872977545333097;-0.707364495271282;0.233948626717807;-0.117240046975308;"P800064FASY"
"P800064FASY_clim.30";1990;-1.39942345148661;-1.06144018383111;-0.169431363588631;-0.696959836338587;"P800064FASY"
"P800064FASY_clim.31";1991;-1.21595447549767;-1.66014657400961;-0.0873892555671614;-0.360152533372144;"P800064FASY"
"P800064FASY_clim.32";1992;-1.98616812622645;-2.06677581726235;-1.25689231564752;-1.43067454145609;"P800064FASY"
"P800064FASY_clim.33";1993;-1.53260548354049;-1.85903206961455;-0.422482845223635;-0.979263744679113;"P800064FASY"
"P800064FASY_clim.34";1994;-2.04312794358872;-1.66093554663646;0.0270531242852247;-0.241845121804961;"P800064FASY"
"P800064FASY_clim.35";1995;-1.08469158437598;-0.56287244623926;0.455718239214539;0.307967357714661;"P800064FASY"
"P800064FASY_clim.36";1996;-0.203734103368309;-0.327544684770494;0.189612965255271;-0.0347657412176324;"P800064FASY"
"P800064FASY_clim.37";1997;-1.45205610887428;0.0424387980477421;0.102211970772141;1.14365068549514;"P800064FASY"
"P800064FASY_clim.38";1998;-1.5596744096701;-1.31413952479047;0.12494484066225;-0.212915715517078;"P800064FASY"
"P800064FASY_clim.39";1999;-1.1391055705085;-1.18203020755352;-0.273001758044309;-0.178179382509537;"P800064FASY"
"P800064FASY_clim.40";2000;-1.62464823708569;-1.72866271428818;-0.787277199221908;0.0404354393538655;"P800064FASY"
"P800064FASY_clim.41";2001;-0.797767378415883;-0.152483288222065;0.554901448705226;0.697068259443946;"P800064FASY"
"P800064FASY_clim.42";2002;-2.40594739361686;-2.3880061511414;-0.353391564011382;-0.89728870750569;"P800064FASY"
"P800064FASY_clim.43";2003;-2.12396597226294;-1.91227050155199;-0.580457439425412;-0.973080523238999;"P800064FASY"
"P800064FASY_clim.44";2004;-0.781171604732078;-0.723170995055754;-0.242594502990947;-0.309704749687408;"P800064FASY"
"P800064FASY_clim.45";2005;-1.2824048322258;-0.521018574036619;-0.0693197861318655;0.297199033371945;"P800064FASY"
"P800064FASY_clim.46";2006;-2.26849789723968;-1.1018156794026;0.140047779296693;0.885535697252317;"P800064FASY"
"P800064FASY_clim.47";2007;-1.84863331850728;-1.62076231121457;-0.455638088283277;-1.04439392496323;"P800064FASY"
"P800064FASY_clim.48";2008;-1.21339456390189;-0.897564047478383;-0.167322795597542;-0.226975505989967;"P800064FASY"
"P800064FASY_clim.49";2009;-2.08645105381577;-0.517057903692796;-0.371805836726262;0.25472437370707;"P800064FASY"
"P800064FASY_clim.50";2010;-0.0480157514170276;0.534791909625224;1.09225331940394;1.50877525038586;"P800064FASY"
"P800064FASY_clim.51";2011;-0.795458099047381;-1.43984238022352;-0.087994012014502;-0.280643594987036;"P800064FASY"
"P800064FASY_clim.52";2012;-0.863778787476326;-1.46572676815496;-0.309049633384123;-0.778555988939301;"P800064FASY"
"P800064FASY_clim.53";2013;-1.53387143431921;-0.345694009565941;0.291334583407106;0.146728114201391;"P800064FASY"
"P800064FASY_clim.54";2014;-0.66813337206161;-0.977694373661402;0.381411792442804;0.0295004982442291;"P800064FASY"
"P800064FASY_clim.55";2015;-1.38392302453957;-1.45313164985705;-0.759691861584875;-1.19901547439788;"P800064FASY"
"P800064FASY_clim.56";2016;-1.61276372288573;-1.4460070432892;-0.425843664555451;-0.213083047465256;"P800064FASY"
"P800064FASY_clim.57";2017;-1.23346931983944;-0.781510685769935;0.150117295985647;-0.0851318975436192;"P800064FASY"
"P800064FASY_clim.58";2018;-1.90906455580389;-2.27636225272217;-1.38149818089873;-2.00799533632446;"P800064FASY"
"P800064FASY_clim.59";2019;-1.52845346540177;-1.53546478738847;-0.325428917824889;-0.602962839141421;"P800064FASY"
"P800064FASY_clim.60";2020;-1.39817726934652;-1.05735148218219;0.418945588168089;0.808961070572425;"P800064FASY"
"P810405ABAL_clim.1";1961;-0.972826041193138;-1.03738992162687;0.0203567984450675;-0.0778561831164515;"P810405ABAL"
"P810405ABAL_clim.2";1962;-1.78772153637304;-1.46166509728325;-0.205348540895848;-0.054683820418426;"P810405ABAL"
"P810405ABAL_clim.3";1963;-0.633597928308654;-0.488315998756102;-0.0205702741557266;-0.0979137480264914;"P810405ABAL"
"P810405ABAL_clim.4";1964;-0.958528542079342;-0.92822706442226;0.0224634917763552;0.22211318377007;"P810405ABAL"
"P810405ABAL_clim.5";1965;-0.3360354423379;-0.129252691061905;0.737649320277114;1.3294092313291;"P810405ABAL"
"P810405ABAL_clim.6";1966;-0.947573110028518;-0.2389240489726;0.554973470564973;0.851318659286886;"P810405ABAL"
"P810405ABAL_clim.7";1967;-0.493232338118977;-0.450443519937464;0.380539571401149;0.228358755757255;"P810405ABAL"
"P810405ABAL_clim.8";1968;-0.326775092218317;-0.609470333297602;0.409797586345352;0.186344513639159;"P810405ABAL"
"P810405ABAL_clim.9";1969;-1.40708947999713;-0.796106867685691;-0.114670783706062;-0.0228285661476004;"P810405ABAL"
"P810405ABAL_clim.10";1970;-0.927454255123163;-0.673490675725439;0.0340141480681822;0.415269159511973;"P810405ABAL"
"P810405ABAL_clim.11";1971;-1.45441497373049;-0.977976937476488;-0.112750348072364;-0.439270150860141;"P810405ABAL"
"P810405ABAL_clim.12";1972;-0.534288966896771;0.21152917021575;0.573492442759756;0.710536627363327;"P810405ABAL"
"P810405ABAL_clim.13";1973;-1.96369255648978;-1.47958384205037;-0.187868138135396;0.0865724788897773;"P810405ABAL"
"P810405ABAL_clim.14";1974;-0.186748272078595;-0.239797935950572;0.783499317995766;1.04530335877412;"P810405ABAL"
"P810405ABAL_clim.15";1975;-0.862774176895925;-0.213098043149318;0.212224404188635;0.956007644385938;"P810405ABAL"
"P810405ABAL_clim.16";1976;-2.05723986166752;-1.02722306264392;0.018633743868661;-0.0892133235048298;"P810405ABAL"
"P810405ABAL_clim.17";1977;-1.21389754656415;-1.0752429879557;0.502195578758026;0.340242543519544;"P810405ABAL"
"P810405ABAL_clim.18";1978;-0.517236266621204;-0.819675985565483;0.159937460529441;0.0609101272091504;"P810405ABAL"
"P810405ABAL_clim.19";1979;-1.93981557624597;-0.158625163319802;0.527846108840335;0.864125576658792;"P810405ABAL"
"P810405ABAL_clim.20";1980;-1.05603403445255;-0.376291320729238;0.223700655575345;0.721671815464935;"P810405ABAL"
"P810405ABAL_clim.21";1981;-0.971610585918233;-1.39780200645819;0.158985276663101;-0.15877105423496;"P810405ABAL"
"P810405ABAL_clim.22";1982;-1.47766037988303;-0.958643289558772;-0.433736019393568;-0.674893609553337;"P810405ABAL"
"P810405ABAL_clim.23";1983;-1.87612004231339;-1.69942638775663;-0.742030546029396;-1.23960678650067;"P810405ABAL"
"P810405ABAL_clim.24";1984;-0.857321425752245;-1.1500111132464;0.0303197153699111;-0.297604512933742;"P810405ABAL"
"P810405ABAL_clim.25";1985;-1.21109365012932;0.0731685800335858;0.129741004973331;0.374519837312357;"P810405ABAL"
"P810405ABAL_clim.26";1986;-1.31600146789255;-0.653650881903659;-0.291385488348676;-0.268718859486365;"P810405ABAL"
"P810405ABAL_clim.27";1987;-0.842635777780408;-0.445373069997581;0.067416418047787;0.19265582771653;"P810405ABAL"
"P810405ABAL_clim.28";1988;-1.12501296823615;-0.759292290159903;-0.260067961380818;-0.132040489812328;"P810405ABAL"
"P810405ABAL_clim.29";1989;-0.776293669222964;-1.15642628668999;0.139974851073128;-0.418764634234571;"P810405ABAL"
"P810405ABAL_clim.30";1990;-0.943633282294914;-1.25471910948085;-0.154143596067099;-0.501542931986528;"P810405ABAL"
"P810405ABAL_clim.31";1991;-1.64146130813133;-1.23803492146779;-0.223582694234767;-0.233839138386661;"P810405ABAL"
"P810405ABAL_clim.32";1992;-2.44733375588471;-2.11464466311587;-0.984755927811155;-1.4146044382533;"P810405ABAL"
"P810405ABAL_clim.33";1993;-1.58694269233488;-1.95931058853507;-0.216846787747006;-0.771289274342015;"P810405ABAL"
"P810405ABAL_clim.34";1994;-1.72693335445251;-2.05618409161559;-0.695936339004892;-1.39278014801549;"P810405ABAL"
"P810405ABAL_clim.35";1995;-0.438471843478623;0.471719778505331;0.535456482023435;0.770869483930721;"P810405ABAL"
"P810405ABAL_clim.36";1996;-0.609309032694238;-0.258974786152447;0.488314450901959;0.558110131895788;"P810405ABAL"
"P810405ABAL_clim.37";1997;-1.19093716650071;-0.513155081023304;-0.0515342895283534;0.574913816156329;"P810405ABAL"
"P810405ABAL_clim.38";1998;-0.782381734961328;-0.695161656298024;-0.229371798309065;-0.528978309707633;"P810405ABAL"
"P810405ABAL_clim.39";1999;-1.10246731204252;-1.30180930526818;-0.584454162032589;-0.770469765640436;"P810405ABAL"
"P810405ABAL_clim.40";2000;-1.8324786091768;-1.92022173083437;-0.784972261892789;-0.494312125613003;"P810405ABAL"
"P810405ABAL_clim.41";2001;-1.41606370218417;-1.12972318866775;0.128003175391349;0.0345182247344266;"P810405ABAL"
"P810405ABAL_clim.42";2002;-0.900805077146879;-1.05440447554444;0.400794215545874;0.598285098782484;"P810405ABAL"
"P810405ABAL_clim.43";2003;-2.60932013623463;-2.09668517576381;-1.26733895809807;-1.65329051472352;"P810405ABAL"
"P810405ABAL_clim.44";2004;-1.14000384069656;-1.02713916943821;-0.162721664957075;0.12908722321198;"P810405ABAL"
"P810405ABAL_clim.45";2005;-0.710543980137562;-0.434384264776329;0.379698675593318;0.476976413146589;"P810405ABAL"
"P810405ABAL_clim.46";2006;-2.08214161104567;-1.00086525504955;0.152062925786477;0.871178281525629;"P810405ABAL"
"P810405ABAL_clim.47";2007;-2.01014772340975;-2.04275188880875;-0.36297096855179;-1.1954674394978;"P810405ABAL"
"P810405ABAL_clim.48";2008;-0.916347133422355;-0.631715032389821;0.181911614646686;0.128605523945553;"P810405ABAL"
"P810405ABAL_clim.49";2009;-1.60451131566368;0.212017581262463;0.234593877552782;0.926723276182707;"P810405ABAL"
"P810405ABAL_clim.50";2010;-0.0826555419770194;0.297145810775772;0.623626724167497;0.941604507578014;"P810405ABAL"
"P810405ABAL_clim.51";2011;-1.21928725368457;-1.60535306434801;-0.272984170512649;-0.646751062519214;"P810405ABAL"
"P810405ABAL_clim.52";2012;-0.729378745775644;-1.54596400511491;0.2751139130193;-0.0641837309448027;"P810405ABAL"
"P810405ABAL_clim.53";2013;-1.49446217382819;-0.981323457547265;0.088501357547785;0.576306083347169;"P810405ABAL"
"P810405ABAL_clim.54";2014;-1.50584046821835;-1.57393255308589;0.486159944827049;0.319185080898363;"P810405ABAL"
"P810405ABAL_clim.55";2015;-2.30860070893329;-2.48483879056934;-0.960839586738627;-1.22527899171625;"P810405ABAL"
"P810405ABAL_clim.56";2016;-1.21457762284391;-0.0703876866808961;0.0799449162859776;0.496155401681476;"P810405ABAL"
"P810405ABAL_clim.57";2017;-2.1365228522702;-1.56979486093638;-0.188981079425766;-0.547885678115535;"P810405ABAL"
"P810405ABAL_clim.58";2018;-2.10346518708971;-1.84850818704881;-0.504895434264601;-1.10657911019947;"P810405ABAL"
"P810405ABAL_clim.59";2019;-1.53879780138472;-1.06583128089059;-0.125135183883286;-0.402025471302092;"P810405ABAL"
"P810405ABAL_clim.60";2020;-1.11005332916562;-0.370678934157545;0.672271883655836;1.00468389178556;"P810405ABAL"
