"0001";"0002";"0003";"0004";"0005";"0006";"0007"
"1883";NA;NA;NA;NA;NA;NA;0.396471592525847
"1884";NA;NA;NA;NA;NA;NA;0.642799389093523
"1885";NA;NA;NA;NA;NA;NA;0.530927084849367
"1886";NA;NA;NA;NA;NA;NA;0.796410192042174
"1887";NA;NA;NA;NA;0.282722908870998;NA;0.3744923013378
"1888";NA;NA;NA;NA;0.403680166935407;NA;0.495222672064777
"1889";NA;NA;NA;NA;0.646842152546941;NA;0.231318743621726
"1890";NA;NA;NA;NA;0.658668939850718;NA;0.320781561225458
"1891";NA;NA;NA;NA;0.728630601230074;NA;0.262779624472195
"1892";NA;NA;NA;NA;0.541912388994699;NA;0.299394972659417
"1893";NA;NA;NA;NA;0.450202429149798;NA;0.415149993724112
"1894";NA;NA;NA;NA;0.314850512151793;NA;0.365680717776911
"1895";NA;NA;NA;NA;0.396471592525847;NA;0.350157444894287
"1896";NA;NA;NA;NA;0.630671098733267;NA;0.183127338700533
"1897";NA;NA;NA;NA;0.746491465164148;NA;0.318979417623067
"1898";NA;NA;NA;NA;0.903727877494666;NA;0.367891474261073
"1899";NA;NA;NA;NA;0.643245599944928;NA;0.327338503440963
"1900";NA;NA;NA;NA;0.360161943319838;NA;0.457512237981674
"1901";NA;NA;NA;NA;0.13814869410742;NA;0.257738819156016
"1902";NA;NA;NA;NA;0.245091529925069;NA;0.317642825011246
"1903";NA;NA;NA;NA;0.206180936124337;NA;0.236137884113845
"1904";NA;NA;NA;NA;0.187620849533235;NA;0.281134401972873
"1905";NA;NA;NA;NA;0.355842851763525;NA;0.347677656993981
"1906";NA;NA;NA;NA;0.202666421900457;NA;0.279435307815456
"1907";NA;NA;NA;NA;0.205092217723797;NA;0.353018702146354
"1908";NA;NA;NA;NA;0.192765619684772;NA;0.273159090387572
"1909";NA;NA;NA;NA;0.273925827563312;NA;0.35766081871345
"1910";NA;NA;NA;NA;0.432575689515767;NA;0.183127338700533
"1911";NA;NA;NA;NA;0.287419173753041;NA;0.163995067817509
"1912";NA;NA;NA;NA;0.547885025731141;NA;0.343634893540562
"1913";NA;NA;NA;NA;0.440579178044471;NA;0.27743934133106
"1914";NA;NA;NA;NA;0.835375618533513;NA;0.542236726496799
"1915";NA;NA;NA;NA;0.289148429527157;NA;0.431767594483582
"1916";NA;NA;NA;NA;0.616333112017452;NA;0.940422852001799
"1917";NA;NA;NA;NA;0.456832270236277;NA;0.345371735268549
"1918";NA;NA;NA;NA;0.538910950786951;NA;0.540643080717063
"1919";NA;NA;NA;NA;1.45161290322581;NA;0.634713862186686
"1920";NA;NA;NA;NA;0.9164046903325;NA;0.676632638210283
"1921";NA;NA;NA;NA;0.845380116959064;NA;0.909376176729007
"1922";NA;NA;NA;NA;0.4080205616661;NA;0.504463158860919
"1923";NA;NA;NA;NA;0.810964621075595;NA;1.07048133153396
"1924";NA;NA;NA;NA;0.784296109963166;NA;0.623275503647428
"1925";NA;NA;NA;NA;1.2315113208724;NA;0.825381769894717
"1926";NA;NA;NA;1.50237499713165;1.86676289694992;1.46104746657796;1.76668762914383
"1927";NA;0.987574694109836;NA;1.96088169140801;1.40104178618142;1.77921425881762;1.0798178680583
"1928";NA;1.06728955170245;NA;1.09555127187512;1.42063877642825;1.25565065742674;1.61823773063889
"1929";NA;1.40915233798366;NA;1.58228208289861;0.994349321540613;1.18053081421502;1.02875238073384
"1930";NA;1.53633739174093;NA;1.07537507860929;0.863226785544911;0.748573156442529;0.997948717948718
"1931";NA;1.5860850409601;NA;1.22951535438801;1.01877639026143;0.857820354737741;0.665041387912462
"1932";NA;1.7382816014395;2.22492484912458;1.68884147106816;1.08780173399588;1.05920402479562;1.04704543298871
"1933";NA;1.07306194957856;1.57070625281152;1.15431744647651;1.61541358102171;1.25745888516955;1.12388824005031
"1934";NA;0.978563976097885;0.986317420720414;0.840377867746289;1.02654948484362;1.14660474457136;0.808366426180427
"1935";NA;0.921750067379391;0.973157545290714;0.533318214461201;1.26556905083221;1.07501319442851;1.58434793523284
"1936";NA;1.11574526477743;1.45943760668404;0.821777482689936;1.12285973466379;1.31559154295996;1.76892539984855
"1937";2.54654764909704;2.08704656708924;1.70455537767428;1.18452969185159;1.26330266527554;0.819253883660279;1.74078272604588
"1938";2.74123256860099;1.7248674820441;2.42876867076691;1.57681352267293;1.07537507860929;0.609124537607891;0.923668594322864
"1939";1.96620932078467;2.31604138551507;2.28220014227036;2.07857411823773;1.21155165602844;0.622585571826431;1.07768187422935
"1940";2.71042397799488;1.20157236270174;3.19893837156995;2.11478005461346;2.37793397765784;1.0818138345427;1.35230437516845
"1941";2.76525020213817;1.17679977236081;1.74774161847526;3.52908681961314;2.09715688749168;1.85264214886406;1.61473688587646
"1942";1.82032143376926;1.70200341388914;2.19501090771128;2.11238991571229;2.0034008097166;1.48475183000987;2.42594452114974
"1943";2.60951424626585;1.51294259517226;1.99510376426197;1.81295646400455;1.22727444532638;1.86583895636527;2.04869317790679
"1944";2.21611326556369;1.80745575498933;2.23747842900805;1.72221723115623;1.17499762875842;1.0666364289224;2.10094466936572
"1945";2.98134053081422;1.99362078065123;3.78718463662608;1.58479738861052;1.14005929386398;1.49938347718866;1.27707223041161
"1946";1.0827002305628;1.41813765182186;1.84162096422589;1.53068909250659;0.694596336569848;1.82328631749169;1.13715261310822
"1947";0.890258939580765;0.799977321691802;1.43314439946019;1.19396957250052;0.979979917158278;1.82431336673805;1.01675500853472
"1948";1.19665798221184;0.847007493123399;1.35417847828552;1.8808457040036;0.984694462929393;2.14070540981549;0.942096180634967
"1949";1.95604715470819;1.19463660048513;1.26870909608271;1.27064670975545;1.24806117858749;1.84162096422589;1.6944897703025
"1950";3.15175097276265;1.20157182360646;1.43315964423682;1.38404628663568;0.761424197754847;2.1259559154296;1.98921498887079
"1951";2.30422910117258;0.946090121752228;1.66463604798636;1.61508399964064;1.08308830503652;1.46823146993234;2.47861448493027
"1952";2.63118308591993;1.70283852314188;2.12940881134681;1.69058361228351;1.27144910610008;1.65256568339182;1.55015685829837
"1953";2.09311335374381;1.9008547008547;2.0002294683219;2.60951424626585;1.61473688587646;2.16894259275896;2.00037939865313
"1954";1.49397704638149;1.33972105680916;1.43814664867296;1.3305491176943;1.54763399020961;1.70854731064308;1.9364836941874
"1955";1.99510376426197;1.49938347718866;1.50035907321314;2.16097165991903;1.27327382454852;2.89192920798293;2.04586564650602
"1956";1.3852007401709;2.0011679094421;1.04163900218154;0.791945420871603;0.937921727395412;1.92753390394456;2.29038533952554
"1957";1.60129283293586;1.29139031540429;1.08143922378942;1.07047329981979;0.61042446233511;1.91085919928025;1.85483833956722
"1958";1.76011381628766;1.81875235345801;1.08979770048028;1.33209055790136;0.537038793512283;0.806402842347961;1.67075123706703
"1959";2.56615384615385;1.67860666834943;1.86676289694992;1.37921284071772;0.903557631839008;1.7120364222707;1.60156102354764
"1960";1.60156102354764;2.03091318038686;1.67420087656899;3.20258566587172;0.948084080088155;1.9364836941874;1.8778336336906
"1961";1.42729773309305;1.0746683297426;1.66074673864148;2.30863489295303;1.2680431781097;1.53889015946941;1.88392776929297
"1962";1.27347048782679;0.717253153751304;0.726083834145973;2.13596041385515;0.80405699993116;1.64083092757625;1.19558392415327
"1963";1.75046260681539;1.30379121372743;1.10110974106042;1.44413576747175;0.937921727395412;1.70724431492233;2.75354587674156
"1964";2.16047445713568;0.874233320165499;0.792381636870003;0.6812102817035;0.364648297237026;0.842878992352677;1.31292595057252
"1965";1.58828793685032;1.71143466800552;1.03590660540158;0.903557631839008;0.551455942331405;0.783913520051404;1.44314889788574
"1966";2.57115609536662;1.90991073682278;1.98537718087109;1.03391063891719;0.711526367801635;0.866831072749692;1.23048720565446
"1967";1.27385947008353;1.84582995951417;1.51338947658276;1.27651562696121;0.83231802399318;1.23708561674602;1.13174618230105
"1968";1.66337854500617;1.28028499073969;1.76579397210976;1.19617246839074;1.15507719342287;1.06185416969873;1.39879615488276
"1969";1.39071062797592;1.18581049037276;0.915636693502665;0.982941970310391;0.997911838270727;1.5391615413581;1.30735804727946
"1970";1.70455537767428;1.55848531129279;1.4723513231528;0.753392296934649;1.22304993252362;1.69843273136144;2.21130915024476
"1971";1.31887787121878;0.93012038172859;0.99856257299434;0.677605994498719;0.575084098726235;1.15301844354476;1.09263636155029
"1972";1.42527364097386;1.75097276264591;1.19757989063767;0.895472104932171;0.94071896044769;1.16944475942095;1.40062977957715
"1973";0.870391363022942;0.771013561577824;0.934793523283544;0.500987587583425;0.614500044919594;0.549653798729014;0.491552330196167
"1974";0.310031371659674;0.410184435447593;0.248927235595126;0.378436048700891;0.331330436409755;0.582157937292247;0.322583704827848
"1975";0.567675234752917;0.624881883811468;0.752838506522717;0.753390394456045;0.875486381322957;0.950080046572551;0.855044470397987
"1976";0.377998382894619;0.488380916247747;0.318063272479873;0.427692307692308;0.312811216411574;0.669323459269487;0.407177162816808
"1977";0.880221219618687;1.34421884826161;0.634354548041354;0.771062478739086;0.740332883490778;1.33715780536497;1.16354964227438
"1978";1.49962344671771;1.24947501923197;0.994519809540922;0.982168263302665;0.497977850852326;1.2055420602789;1.15872323825696
"1979";1.24904196975608;1.53068909250659;0.790402727820862;0.846958943491151;0.416295172152139;0.621669123483388;1.31809266756635
"1980";1.11300044984255;0.773216457468047;0.689092506589682;0.54489885024014;0.515452340310844;0.609124537607891;0.687530710209018
"1981";1.42325282533923;1.60071974808817;0.967071295807614;1.44314045437429;0.606773811256419;1.21889318120564;1.44531916911695
"1982";1.48496632836953;1.06021090826624;0.820368870895187;0.819477271162716;0.615664616543241;0.83231802399318;1.32602641272123
"1983";0.994519809540922;0.823579626292327;0.383924859205503;0.610274403958615;0.414144427361803;0.819003388979541;0.764455163523713
"1984";0.790402727820862;0.800467163776839;0.297353694394385;0.237744264277885;0.445200179937022;0.544115284884922;0.742751349315928
"1985";1.57305133676415;0.870241387196707;0.584179319018956;0.452338044199943;0.33733983444835;0.697813765182186;0.707129580761376
"1986";0.993506046490282;1.22568093385214;0.610765744225212;0.543751684484772;0.441525182585602;0.562233057413917;1.00044984255511
"1987";1.79080521817364;1.46712866288809;1.02799046065018;0.754475331101732;0.836852034857605;1.07587973062696;0.889934610878028
"1988";0.793551801035643;1.39812865497076;0.751187498565823;0.926321074432032;0.686612470632264;0.913664540472554;0.794745328654083
"1989";1.02722185336242;1.08430661072684;0.830373369320738;0.764404873907157;1.00539726371282;0.856269621805934;0.640778007366813
"1990";1.02484053544156;0.913686806411837;0.510828892164644;0.710319388214125;0.64544849583515;1.16637379189155;0.698588269538641
"1991";0.740503565710959;0.808552690683676;0.455942331404724;0.411233321994179;0.662798020692758;0.581564515018702;0.787937743190661
"1992";0.773816995104807;0.700584236023037;0.434597071242476;0.414493028549749;0.467456627735571;0.495222672064777;0.447187865715138
"1993";0.555129764336033;0.68062005773817;0.305382872112606;0.293100350372833;0.364033007682823;0.220074082473448;0.332649572649573
"1994";0.835375618533513;0.511071846531586;0.384084347935233;0.353286067738113;0.49928128649717;0.34240728445414;0.226499603129607
"1995";0.628094644139547;0.862887989203779;0.471419720507584;0.979979917158278;0.810362392664823;0.495238523043752;0.324385848430238
"1996";1.20022763919188;0.80961560267604;0.677804768331084;1.12567979990362;1.40642650935107;0.504979520552218;0.444703979876022
"1997";1.72019584942952;1.65256568339182;0.639339305287826;1.78580296896086;1.26886803276808;1.05340780720472;0.83231802399318
"1998";1.06983803563632;1.61508399964064;0.67940813810111;0.772668858903126;1.10799820062978;0.630028224603594;0.98562821639262
"1999";2.50219656081335;1.58679335509491;0.810574072410385;0.969553258085934;0.681105189552859;0.860386864597391;1.06620161086762
"2000";1.06840450675784;1.14378059495419;0.548890783208932;0.790360255143294;0.416295172152139;0.342158974940469;0.687809266756635
"2001";0.857885739991003;0.898781523210721;0.957386720220911;0.754475331101732;0.636735243913395;0.418097315754529;0.414446082322259
"2002";0.502796991344446;1.11300044984256;0.48683999173914;0.722982301995732;0.475040023286276;0.377998382894619;0.371241582092384
"2003";0.347813715261311;0.353403636088748;0.342654071075124;0.279767778058239;0.420798292958454;0.297399006175021;0.359805947354236
"2004";0.293100350372833;0.282936545575263;0.199191140340931;0.390175438596491;0.526492117763143;0.378436048700891;0.195604715470819
"2005";0.560866582115309;0.487152996136915;0.299155837996775;0.451392826095173;0.815366621682411;0.396521260240024;0.429270741809966
"2006";0.85006903476842;0.810362392664823;0.479067469230078;0.591103101583989;0.531711834297161;0.377669815564552;0.389912572569357
"2007";0.572752931457812;1.22285678423497;0.485019855708256;0.663013206360615;0.418097315754529;0.186340099028612;0.410184435447593
"2008";0.442699055330634;0.969274191697836;0.799234341659345;0.800382560242843;0.481088850956787;0.187422934648582;0.181520958536493
"2009";0.481914049211929;2.35856050382366;0.735767227334267;1.36971256432785;0.491007755161445;0.270865151379031;0.299155837996775
"2010";0.776723892630181;1.19835960237366;1.06047683310841;1.08162188209918;0.855717334002761;0.257479676487099;0.307250022459797
"2011";1.25932081573983;1.43270416390022;0.780700759723325;1.25056230319388;0.993506046490282;0.333249654826158;0.389213464457243
"2012";0.702580202507433;0.764082292696074;0.464953049416675;0.332520693956231;0.457705802968961;0.218086693132013;0.353018702146354
"2013";0.658026860800803;0.67862860469468;0.414383253975384;0.371241582092384;0.401595041009941;0.247611336032389;0.207072213680901
"2014";0.938433649234723;1.47703024978034;0.706572135476225;0.72365465816189;0.650573840462866;0.152606115583777;0.277624831309042
"2015";0.577759784075574;0.748984602675601;0.737103050081587;0.522943218911783;0.477046087503369;0.183818647443802;0.170276297388215
"2016";0.644158445779945;0.987944219523167;0.744578810895156;0.98845236600979;0.604777844772023;0.260758242745486;0.272123683960922
"2017";0.331594422839799;0.326095173300072;0.287629329734593;0.191651942449345;0.242876867076691;0.0997983242198058;0.12532566705597
"2018";0.541730302758063;0.380252300104335;0.245776165098084;0.35766081871345;0.268753298607127;0.228756118990837;0.199596648439612
"2019";0.397197330394827;0.297143113826251;0.160390780612729;0.181520958536493;0.292631578947368;0.163014295876454;0.2033387724363
"2020";0.553533324965483;0.307378838597002;0.202138172670919;0.234278668310727;0.20561666099709;0.172577597840756;0.165217191766677
"2021";0.810665687601827;0.739927199698757;0.305382872112606;0.563965501751864;0.524423788295551;0.131723173451261;0.237606837606838
