"0001";"0002";"0003";"0004";"0005";"0006";"0007"
"1892";NA;NA;NA;NA;NA;NA;0.280201596331466
"1893";NA;NA;NA;NA;NA;NA;1.94267795547193
"1894";NA;NA;NA;NA;NA;NA;1.06039540966609
"1895";NA;NA;NA;0.270989938025779;NA;NA;0.900147243278617
"1896";NA;NA;0.137952877830761;1.27807165839559;NA;NA;0.537809201932447
"1897";NA;NA;0.837013384061417;0.890916253706276;NA;0.972464363738617;0.39696644437015
"1898";NA;NA;0.818628193203695;0.14076824268445;0.735234771227573;0.626152398871119;0.456552754942591
"1899";NA;NA;0.529821260583255;0.247299408927237;0.478052623939953;0.706930273110729;0.505461703186174
"1900";NA;NA;0.229752338760987;0.153836170534922;0.129506783269694;0.549708240170148;0.35321417372217
"1901";NA;NA;0.446637945138245;0.396028012961221;0.185474556695428;0.26075597669452;0.477177934349742
"1902";NA;NA;0.510647121026768;0.441831420694206;0.230754255802384;0.115429959001249;0.618421770191416
"1903";NA;NA;0.247752107124633;0.494737416153133;0.240827845719661;0.147428493783545;0.228161479607705
"1904";NA;NA;0.159317888443508;0.277053225237927;0.294554280462804;0.203283511064005;0.0422304728053351
"1905";NA;NA;0.192295213168653;0.0872763104643592;0.343567650106342;0.278289955053831;0.185474556695428
"1906";NA;NA;0.141820842479356;0.109382430871662;0.239026311969977;0.288663194853548;0.164824468430274
"1907";NA;NA;0.270989938025779;0.175812766325626;0.14076824268445;0.233626002072313;0.157876032194
"1908";NA;NA;0.322953591099962;0.181958816765966;0.218764861743325;0.298782889962471;0.132549426208262
"1909";NA;NA;0.277053225237927;0.347574050946108;0.142847872639571;0.123876053562316;0.144298413044664
"1910";NA;NA;0.136545195403917;0.364181709112723;0.128441517717153;0.15218425164753;0.122229364075556
"1911";NA;NA;0.161695767375501;0.184702150158618;0.294554280462804;0.203283511064005;0.0534919322200911
"1912";NA;NA;0.129112500270381;0.0450458376590241;0.343567650106342;0.251531305529424;0.0856036415517358
"1913";NA;NA;0.11773805790739;0.166451525239486;0.152107653071803;0.217970167542475;0.107135904479678
"1914";NA;NA;0.123712797794378;0.148342021587247;0.0365997430979571;0.137427060042537;0.149848437336678
"1915";NA;NA;0.202704913562742;0.0802759485732204;0.147428493783545;0.11679694789442;0.162004854254542
"1916";NA;NA;0.173837317796347;0.0942573697480972;0.27470744738379;0.0957224050254263;0.182090854556361
"1917";NA;NA;0.0647533916348472;0.116813001036156;0.299696874673356;0.261566682519193;0.149391444981235
"1918";NA;0.165903627051322;0.0832257626197432;0.0706214103547658;0.282772109244292;0.175812766325626;0.0746071686227587
"1919";NA;0.430049249475693;0.159330319482598;0.0534919322200911;0.357310356110596;0.200689871433051;0.211631224947347
"1920";NA;0.508480122157387;0.173931221908644;0.126027583395611;0.396566381222916;0.45066804910809;0.324154787912872
"1921";NA;0.162972485434075;0.159059311449914;0.153836170534922;0.0900916753180483;0.188962207558488;0.246179575624543
"1922";NA;0.0957224050254263;0.329824944102089;0.203365736385492;0.280589713975134;0.200999398702026;0.220915710347103
"1923";NA;0.194986072423398;0.358539467954965;0.30044536607206;0.417555320023361;0.133729830550228;0.305775208594645
"1924";NA;0.164824468430274;0.257605884112544;0.39166712112123;0.219420926100136;0.18785243562742;0.282485641419063
"1925";NA;0.133793247622034;0.461308512806577;0.407431213585187;0.32990079411834;0.159330319482598;0.105576182013338
"1926";NA;0.206187996323963;0.541173671346067;0.177367985782407;0.446637945138245;0.243503710672102;0.306746382227053
"1927";NA;0.419152533129738;0.730511132016306;0.404239418438753;0.336809803230422;0.318118622899828;0.313166490017521
"1928";NA;0.423728462128595;0.863044041756015;0.626332980035041;0.191444810050853;0.405409827125484;0.366593498484373
"1929";NA;0.202706269465609;0.910454272781807;0.35321417372217;0.399483660574767;0.203715606792594;0.397648278624785
"1930";NA;0.271078198247164;0.730659976362769;0.474232391545114;0.439531915814064;0.173144938501874;0.443202268637182
"1931";NA;0.61534468213969;0.636272456933716;1.04100997982222;0.412083202675865;0.347170324070929;0.570403699019262
"1932";NA;0.556579910107662;0.663428222025953;0.660038566008003;0.424158163866437;0.263719149488438;0.160475796660273
"1933";NA;0.347574050946108;0.403819947654171;0.257605884112544;0.377924415116977;0.184634681718407;0.21400910387934
"1934";NA;0.398538474123357;0.302372739625797;0.299612745431075;0.255323560513384;0.167895939863798;0.186801064220977
"1935";NA;0.347674635592693;0.332846336922968;0.384590426337306;0.143583607538139;0.230190325571249;0.246179575624543
"1936";NA;0.292797944783657;0.666521241206304;0.596717884394272;0.451796997078606;0.298782889962471;0.459504677521974
"1937";NA;0.375704871254841;0.668187190279707;0.842425242123619;0.417555320023361;0.175960303355563;0.508480122157387
"1938";NA;0.362613830546603;0.285759532649434;0.982603479304139;0.390676283056339;0.275833956111149;0.418296045947459
"1939";NA;0.417434932580746;0.587336096202188;0.738808600634473;0.388811650210901;0.343384309229738;0.225229188295121
"1940";NA;0.382920564601645;0.458761437130929;0.274498073234678;0.50160876915526;0.369269363436814;0.392350023778789
"1941";NA;0.594372034683972;0.583338559632069;0.480331544262518;0.353107051773829;0.35935622216462;0.543920745819904
"1942";NA;0.524228161479608;0.706930273110729;0.675780320564124;0.188629445197164;0.401974150624421;0.473628096582001
"1943";0.302178192122169;0.495504214249265;1.35365654141899;1.04091146649943;0.599225490862151;0.611146820377781;0.683365930673704
"1944";0.476303961534441;0.603981248726136;0.893632461796844;0.904281641020807;0.439531915814064;0.192852492477697;0.666521241206304
"1945";0.818860899686594;0.796651597412991;0.482835072407665;1.03070295031903;0.428138392390509;0.368571234458863;0.437309502581434
"1946";0.707749359219065;0.572635099822306;0.827501868333447;0.725227560181633;0.589108560925607;0.442278990287902;0.327990005454769
"1947";1.2277260569367;0.594999646534863;0.758192554779261;0.333620735162147;0.700878006216938;0.398703877913662;0.385216386982811
"1948";0.912178212595239;0.869226154769046;0.805435350684645;0.810856715809498;0.695349271185386;0.506633362396022;0.626332980035041
"1949";1.53610979006726;0.673619606460843;0.754058957984777;0.758192554779261;0.216783093734054;0.515351475159514;0.396028012961221
"1950";3.07122926175077;0.280128802942056;0.707749359219065;0.569959234869865;0.261566682519193;0.453606751124842;0.394702735820157
"1951";2.99161701682868;0.501732454650452;0.654606149826868;0.67452930225982;0.434037766866388;0.261828931393078;0.669956917707368
"1952";3.50519593750736;0.700503990828665;0.46875824813922;0.979167802803076;0.722483537158984;0.715741558529791;0.828443467623214
"1953";4.37018050935268;0.663614508205289;0.649160948433997;0.831159675713782;1.16348940782807;0.912028725314183;0.365997430979571
"1954";3.91677206659893;0.792351014444942;0.716986437671692;0.464535200858686;1.55979713148279;1.04358733145187;0.741898226781711
"1955";2.06084707290035;1.00321753831052;0.992745897355493;1.04388885114478;1.20328018412159;1.23418243513915;0.873569682680452
"1956";3.40036687274951;0.687200646913683;0.97497466833188;0.881810906101966;0.571519065298869;1.11315918634455;0.78402843106512
"1957";4.13709415759988;0.49691189667611;1.46016251295196;1.20146336364587;1.35301311230382;1.20871260030272;1.0191578104013
"1958";1.79818124804014;0.741898226781711;1.10278048477057;1.32843980488724;1.23068936427938;0.491281166968732;1.08567377433604
"1959";2.09133539128591;0.642815426878069;0.546180781615667;2.5080438457763;1.00344935716526;0.515999728242408;0.774119305811856
"1960";4.26711021432077;0.650235183443086;0.98206399891297;1.659603143337;0.977920211136508;0.552161969241418;0.360366701272193
"1961";2.76509983619814;1.575865400476;2.04107633406156;0.851647868240925;1.97551398811147;1.4075049649838;1.15089340308445
"1962";1.42457461596664;2.19539728417953;2.19420926100136;1.36728038589578;1.85245391776732;1.80856328204161;1.43397287534338
"1963";1.35539099123582;1.55095481971428;2.48014704149681;2.03283511064005;0.860093962801992;2.00643507662104;1.60819483641685
"1964";2.26908351539011;0.660203058190072;2.62142117031139;1.80620884289746;1.57653373191114;1.40971199900475;1.39029620378443
"1965";2.16745061147695;1.35301311230382;2.10234506209957;1.99413247873318;1.77461011009928;0.844609456106702;1.5872825434913
"1966";2.39472630016259;1.56857952456144;1.15289190758565;2.36374543273164;1.4797533186997;1.31021129152796;1.41242820709532
"1967";2.49773681627311;1.84099508727919;2.19002649636524;2.20827717763171;1.73492471192591;1.32134282191603;0.72214108497123
"1968";1.68948143233324;1.59353865730377;1.91196383379118;0.816455807569812;2.00299940011998;1.06499425107139;0.977308241048984
"1969";0.985377698791153;2.21257566668484;1.93732622556705;1.5884231265711;1.78454871550312;1.36378631854278;1.27189548138695
"1970";1.64073646307494;1.4477389122727;2.22388481749417;1.88724016352664;0.671464517604828;1.26432895239134;1.30047036688617
"1971";1.63450931193355;0.678502929739051;2.39123084474014;1.61622243127417;0.963040967457028;0.823011051442079;1.14876169380493
"1972";1.41018082993624;1.04388885114478;1.67861659997097;1.85863750972029;1.34331941770673;0.495504214249265;1.43611277744451
"1973";1.84980088130641;1.63725638640739;0.886839928912037;2.55270764029012;1.14527019964461;0.753787621441674;1.11092910904228
"1974";2.29846757921143;1.51453956308143;1.46001766424349;1.60256277343507;1.20767254989749;1.03015292768921;0.633457092080027
"1975";2.15395301582036;1.59059311449914;1.90921675931734;0.844609456106702;1.72470960353384;0.960635517926205;1.00822066716489
"1976";0.974116239376397;1.95489992910509;1.42891188460332;1.33161220191589;1.49663065790292;1.03683106722907;1.18673617269797
"1977";1.92608193491406;1.85245391776732;1.8173999104555;1.76636888667777;0.798155936020834;1.21279380487539;1.15329779450193
"1978";1.65099175877658;0.736217909239675;1.8690080165785;1.45299466917529;1.04388885114478;0.635592693192892;1.04272215283833
"1979";2.31729904881363;1.69304979957878;1.23859088929897;1.75848905436294;1.53836170534922;0.371628160686949;1.75219501554235
"1980";2.29163230200061;2.18117713222729;0.871355422216748;2.5080438457763;2.39222326748197;1.01535430396087;2.06160194074105
"1981";2.70044172983585;2.21829204557332;1.4243494802636;1.81442700449937;2.56556778283102;1.35156064112825;1.28380637328219
"1982";2.40656036824317;2.41829064259962;2.03283511064005;0.97833928665693;2.77946228936031;1.19878749869343;2.48012772606835
"1983";0.933293448997906;1.95146425260402;1.29244277202885;1.26027583395611;1.56453586016712;1.03388552442444;2.00811144037551
"1984";1.82621101977036;1.73294076178233;1.43447934585385;1.35980186454976;0.948777955693196;1.22310083437858;2.08985052785617
"1985";2.01085851484934;0.858686280375147;1.83465125156787;1.20949095850319;1.50757524288335;0.71707893590993;2.35643424370243
"1986";1.78747778823038;1.53610979006726;1.62157623006905;1.575865400476;1.48342021587247;0.433566187468107;2.67639199432841
"1987";1.89692956618046;1.45320239666025;0.76577924020341;1.64225336750832;1.12921500992997;0.746653984645696;1.75467042650687
"1988";3.41849811855811;1.58946378174976;1.52897615327128;1.22229364075556;1.69663265546575;1.10981808743051;0.976931604230086
"1989";2.50162765141305;1.9852958503193;1.67846250351496;0.62501099751896;1.74188798603916;0.872331974495662;1.51470887967933
"1990";1.18526860340307;2.14386213666358;1.32455315145814;0.967796725321014;1.18426672748761;0.736385701157009;1.50814388613701
"1991";1.50281948501936;1.63515727052189;1.16054386502345;1.17300080032878;0.46875824813922;1.21279380487539;1.13189087488241
"1992";1.14278298111657;0.674279882458517;1.27807165839559;1.12118741507265;1.00822066716489;0.947956623608203;1.07512312368923
"1993";1.23357374307515;1.2626537128881;0.874619005162869;1.29603883403634;1.18948324717181;0.515211768225088;1.32960680591154
"1994";1.69957819827038;1.37079016244511;0.543365416761978;1.74188798603916;1.37539458555451;0.95590733066105;1.45045512036327
"1995";1.82434422206468;1.2496289327898;0.80372307901352;1.14623981421966;1.12814289417254;1.00268218295083;0.670056835177984
"1996";1.38526612618964;1.20472700709287;0.909281650840345;0.515211768225088;1.20935812837433;0.858952649733459;1.05577824580474
"1997";1.26409881930636;2.39123084474014;1.1640012543117;1.06528976153271;1.31464471583487;1.36673186134741;1.42847872639571
"1998";1.81669950404239;1.49119824172179;0.842425242123618;0.851593086889749;0.615157220531048;1.21966515787752;1.25765652764712
"1999";1.5438558542969;0.760148510496032;1.54605442547854;1.75536740880109;1.34825735443984;1.0837670281366;1.20767254989749
"2000";1.00344935716526;0.941640057069094;1.05932115532149;1.31665763366873;2.00261729142783;0.778448382045011;1.33304248241261
"2001";1.91460282300822;1.47792606692479;0.868540057363059;2.40840922724546;1.72860875927668;1.44337251171955;1.71121109705779
"2002";2.48742978676992;1.04626319640431;1.1675385556084;1.71392730514835;1.46098923109551;1.18948324717181;0.854463233094614
"2003";1.30921229965374;1.31665763366873;1.24991888559624;0.748887051081276;1.66973877951682;1.07837357583359;1.31734492832393
"2004";0.889655293765726;1.89992910508807;1.55467753736804;1.60269040016305;1.2956312592009;1.18999929306973;1.80208085483766
"2005";1.37441402269176;1.56725206825769;1.4079694606122;1.57132659903528;0.60952649082367;1.24371489338496;1.69382251489495
"2006";1.50814388613701;0.672872200031673;1.91023613459126;1.74198808403888;1.1009579455126;1.13537498185739;2.06482550604425
"2007";2.15407128671475;1.22936340784021;1.45860374463497;1.82329099606475;1.57407367350912;0.644718551494783;1.90336478158914
"2008";2.61858755331432;1.54110877982306;0.678502929739051;2.20913999018378;1.35666353088743;1.05577824580474;1.8117107964088
"2009";2.59737143480395;1.36469112574475;1.46715130103947;2.39026311969977;1.51400900157881;1.5438558542969;0.969893192095863
"2010";1.32279334010658;1.31076654805948;1.19223032164565;0.777040699618166;1.32617112941048;1.74198808403888;1.59317888443508
"2011";0.488465802115043;1.91710748759339;0.907118218877391;0.977308241048984;1.1679694789442;2.05304333482574;1.99162899353248
"2012";1.27454310754807;1.61071139770677;1.05450432405684;1.23893058770089;0.729179497105453;2.65577793532203;1.81156057280234
"2013";1.84603404641907;0.795340571167145;1.63194633800513;1.45299466917529;1.18180582920035;1.73294076178233;2.57734995404953
"2014";1.51453956308143;1.58604524763911;1.13265877376682;1.78205339679996;1.34331941770673;0.953001002973729;3.23640726400175
"2015";1.5964842001084;1.7031861737795;0.526473227639844;1.73845230953809;1.28441517717153;1.35063523337183;1.99369673847685
"2016";2.13699078366145;1.97211246994878;0.903593994157212;1.40427958282361;1.21061809270212;1.35980186454976;1.23453748834263
"2017";1.52922515498974;1.86158305252492;0.950487767947914;0.7812637468987;1.35709221792005;1.31117382669593;2.01644133432978
"2018";0.758740828069188;1.59415389649343;0.832194000209052;0.886948841633263;0.983267328785585;1.46688031670476;1.82131037615453
"2019";1.04151097221279;2.11864231064297;1.06039540966609;1.38727260928814;0.543365416761978;2.20913999018378;1.98281592975855
"2020";1.34881356665441;1.25987577202583;1.65256039701151;1.52791888784363;0.779944289693593;1.19241535175932;2.68338949501614
"2021";1.11583568516776;1.85474556695428;1.11364531713285;1.3549496901289;0.964223140317103;0.654572328482694;2.58019305229863
"2022";1.43153380304923;1.58506197140447;0.456089106297619;1.16813001036156;1.03020800668966;0.941640057069094;1.68404901615211
