"0001";"0002";"0003";"0004";"0005";"0006";"0007"
"1932";NA;NA;NA;NA;NA;0.61397524607738;NA
"1933";0.326924780721184;NA;NA;NA;NA;0.908124390892177;NA
"1934";0.161860465116279;NA;NA;NA;NA;1.11953488372093;NA
"1935";0.313577468878162;NA;NA;NA;NA;0.772329691866584;NA
"1936";0.352920240595081;NA;0.521479161476314;NA;NA;0.82172473929601;NA
"1937";0.620519236784486;NA;1.14995308101345;NA;NA;0.683140444166406;NA
"1938";1.33865664631282;NA;1.16674495068107;NA;NA;0.715829027712541;NA
"1939";1.67966085176883;NA;2.51291297144528;NA;NA;1.01744469349966;0.991131468667771
"1940";0.635687073624524;NA;0.988039337290688;NA;NA;0.439532205191814;0.799149463985116
"1941";0.923953488372093;1.00488372093023;1.21395348837209;NA;NA;0.728372093023256;1.25441860465116
"1942";0.653286393496171;0.85362755416833;1.13236308206003;NA;NA;0.644575908249555;1.01331978368962
"1943";0.373990105705235;0.618927287610777;0.963946328789551;0.985016193899705;NA;0.626828487027085;0.855963270100011
"1944";0.555051610885205;0.629058492336566;1.09302471066625;1.16418517360025;NA;0.871004066312168;0.982014388489209
"1945";0.80037576326914;0.82573978393612;0.91028651949272;1.09910756223579;NA;0.862376702677313;0.853922029121653
"1946";1.47792612805769;1.39460091609005;1.55248026508138;2.17522658610272;NA;1.66650423935289;1.70158853912874
"1947";0.846371932311509;0.726499512713741;0.977141844599982;1.73996633294941;NA;1.02436431292638;0.893594400637902
"1948";1.14651162790698;1.04872093023256;1.14988372093023;1.62872093023256;NA;0.964418604651163;1.14988372093023
"1949";0.871048524661561;0.734584255797917;0.812978623017457;1.1730120132109;0.818785613181868;0.760715711537764;0.743294741044532
"1950";0.53728156030893;0.692671815496316;0.776951275936933;1.05349325550771;0.869131935793857;0.753247677688009;0.734811545716625
"1951";0.888082577416328;0.933625273694088;1.13002815139193;1.22680638098217;1.34350954019393;1.23249921801689;1.17557084766969
"1952";0.625645843118835;0.574917801784876;0.752465946453734;0.713010803193988;1.12165335838422;1.10756223579145;0.715829027712541
"1953";1.44722736575383;1.43845629080986;1.58317902738525;1.51739596530553;1.73667283890459;1.85508235064809;1.59195010232921
"1954";1.16966421546912;1.38034907415611;1.718171347568;1.3694515814654;1.64552139629662;1.54017896695313;1.38398157171968
"1955";1.02174418604651;1.32186046511628;1.37244186046512;1.49383720930233;1.47023255813953;1.49720930232558;1.55116279069767
"1956";0.754908721373353;1.04235473451167;0.958153377127718;1.08300366566254;1.15559104271767;1.15268754763547;0.952346386963307
"1957";0.71637541374524;1.00081859273232;1.23522084208278;1.23258710894402;1.15884258105848;0.879666868348934;0.963946328789551
"1958";0.936471692211448;1.28942758836409;1.42036284016265;1.35774163278073;1.24103847356897;1.11294964028777;1.40613074757585
"1959";0.605918271488962;0.975105683419446;1.02865194927196;0.969469234382339;0.980742132456552;0.930014091122593;0.831376232973227
"1960";0.916577331644089;1.39898645356203;1.60510671474515;1.35513107884222;1.41214306597797;1.53932365266543;1.49108274047364
"1961";0.653849561442367;1.10064676176132;1.03889430318065;1.09701426419775;0.980774342163551;0.980774342163551;0.886329405510765
"1962";1.05883720930233;1.38593023255814;1.48709302325581;1.14313953488372;1.23418604651163;1.13302325581395;1.08581395348837
"1963";0.92621493122346;1.27173084600588;1.38496715421188;1.1149421115668;0.99880230827859;0.963960367292128;0.92621493122346
"1964";0.726910346300317;1.00345232587109;0.956045129373243;0.874399402071396;0.798021141047087;0.813823539879702;0.67950314980247
"1965";0.828307788551767;0.979167969971849;1.21542070691273;1.01332499218017;0.814075695964967;0.888082577416328;0.896621832968408
"1966";0.662282761860028;0.839830906528887;0.924377642085486;0.856740253640207;0.783466416157821;0.822921559417567;0.8088304368248
"1967";1.66650423935289;1.4296852158659;1.61387778968911;1.91647987525582;1.92963648767177;1.54370919013741;1.59633563980119
"1968";0.868166917692921;1.04252680074422;1.07885177637991;1.3113316204483;1.30769912288473;0.810046956675822;1.05705679099849
"1969";1.11279069767442;1.21395348837209;1.08244186046512;1.45674418604651;1.29488372093023;0.957674418604651;1.13976744186047
"1970";0.772329691866584;0.917504445976845;0.891372990236998;1.23688890501942;0.894276485319203;0.618444452509708;0.929118426305665
"1971";0.729544079439086;0.745346478271702;0.985016193899705;1.10880165142186;0.82172473929601;0.692671815496316;0.898103000320319
"1972";0.808382858930247;0.908007507037848;0.939318110728808;1.20403503284329;0.962089458867688;0.834000625586487;0.842539881138567
"1973";0.82573978393612;0.955378111789573;0.828558008454674;1.14983560356975;1.05683419445749;0.8511038046031;0.88492249882574
"1974";1.01744469349966;1.15339635513108;1.05691453074749;1.21479387973882;1.49546827794562;1.02183023097164;1.16216743007504
"1975";1.10064676176132;1.23504917161336;0.846371932311509;1.00620182510853;1.67458137680517;1.13697173739701;1.06068928856206
"1976";0.731744186046512;0.849767441860465;0.728372093023256;1.015;1.08918604651163;0.738488372093023;0.873372093023256
"1977";0.908793960730229;0.804268137770842;0.638768918085145;0.972670852538744;0.876855514825972;0.792654157442021;0.868145029579356
"1978";0.740079011994163;0.784852475353241;0.503043029504929;0.763782610243086;0.887568067765242;0.663700750969854;0.874399402071396
"1979";1.20118861432593;1.01047857366281;0.757147325617767;0.982014388489209;1.08448545511417;0.902314670003128;1.14426024397873
"1980";0.992015030530766;0.927195866604039;0.80037576326914;1.06528886801315;1.34147487083138;1.16110850164396;1.34429309534993
"1981";1.24987817951467;1.33320339148231;1.01305915602768;1.22795049215476;1.48231166552968;1.75421498879252;1.45599844069779
"1982";1.41304155222823;1.60556392309737;1.22778417648622;1.4856915034996;1.97607867458138;2.19766102595907;1.95428368919996
"1983";1.11616279069767;1.34546511627907;0.913837209302325;1.32186046511628;1.64220930232558;1.61860465116279;1.29825581395349
"1984";0.778136682030995;1.0626792000871;0.842013573839509;1.1701085181287;1.39077414437629;1.24269589518383;1.30947628207455
"1985";0.687404349218778;0.985016193899705;0.671601950386162;1.00345232587109;1.00081859273232;0.837527138128626;1.10616791828309
"1986";0.586362214576165;0.899468251485768;0.791304347826087;0.893775414451048;1.00478573662809;1.28942758836409;1.55699092899593
"1987";0.605918271488962;0.848285580084547;0.794739314232034;0.85955847815876;1.11319868482856;1.55002348520432;1.44574917801785
"1988";0.771854595068707;1.36390215378618;1.11831205535523;1.40337199103401;1.63141993957704;1.8287691258162;1.97349186239158
"1989";0.868166917692921;1.06432178612563;0.908124390892177;1.4275715424825;1.53291397182599;1.70727385487729;1.51475148400815
"1990";0.650813953488372;0.893604651162791;0.785697674418605;1.20383720930233;1.31511627906977;1.32186046511628;1.00488372093023
"1991";0.77523318694879;0.937828911552281;0.842013573839509;1.22237142960839;1.2281784197728;1.44013356077378;1.22237142960839
"1992";0.539915293447699;0.834893404989857;0.782218742214471;1.36954123216002;1.08773178631171;1.18781364558494;1.02978965725878
"1993";0.557898029402565;0.666061933062246;0.654676258992806;1.01047857366281;1.00193931811073;0.956396621832968;1.07025336252737
"1994";0.656646312822922;0.927195866604039;0.921559417566933;1.18365429779239;1.25410991075622;1.21465476749648;1.17801784875528
"1995";0.793782282428613;1.37267322873014;0.977974856251827;1.4296852158659;1.80245590098431;1.58756456485723;1.30689016665042
"1996";0.475857180827501;0.599362097988837;0.501284663772482;0.824576946930097;0.893594400637902;0.886329405510765;0.81367945423939
"1997";0.748604651162791;1.22406976744186;0.725;1.21395348837209;1.08918604651163;1.81081395348837;1.27802325581395
"1998";0.557471055783399;0.682321344318223;0.612637462345298;1.117845606649;0.940732406634486;1.25430987551265;1.01331978368962
"1999";0.576787557390469;0.676869416663701;0.668968217247393;0.911271666014165;0.969213795067089;1.10090045200555;1.0798305868954
"2000";0.543665936815765;0.537973099781045;0.506662496090085;0.745761651548327;0.879543321864248;1.09017829214889;1.12718173287457
"2001";0.786284640676374;0.760920620009394;0.803193987787694;1.07374354156881;1.35274776890559;1.45138562705496;1.75575387505871
"2002";0.780625670012669;1.0788422181074;0.995517006139752;1.2411071045707;1.39898645356203;1.74982945132053;1.73667283890459
"2003";0.650217063878799;0.602994595552405;0.980774342163551;0.940816868964295;1.22415167892265;1.10427925932489;1.18056170815983
"2004";0.559767441860465;0.654186046511628;0.836279069767442;0.863255813953488;1.2443023255814;1.03186046511628;1.015
"2005";0.476173193481654;0.452945232824012;0.56908503611222;0.577795521358836;0.879759009908177;0.833303088592894;0.818785613181868
"2006";0.529380360892622;0.597857422500623;0.666334484108624;0.71374168060647;1.12460405025448;0.953411396234473;1.09036551945048
"2007";0.637597747888646;0.740068814513607;0.836847044103847;0.916546762589928;1.35489521426337;1.65946199562089;1.38335939943697
"2008";0.445279473931423;0.611554720526069;0.87646782527008;0.85955847815876;1.2738374823861;1.29638327853452;1.27101925786754
"2009";0.600818633661437;0.670987233213137;0.995517006139752;1.25426371698665;1.41652860344996;1.64457655199298;1.65773316440893
"2010";0.359617258793302;0.381412244174714;0.693807034641623;0.831841942057234;1.1841942057234;1.02436431292638;1.15876672277842
"2011";0.306860465116279;0.458604651162791;0.839651162790698;0.930697674418605;1.52755813953488;1.28139534883721;1.08581395348837
"2012";0.293253003302726;0.458752222988422;0.821689108264073;0.844917068921714;0.946539396798897;1.30947628207455;1.1149421115668
"2013";0.184361319713848;0.397693703954159;0.568886357974161;0.64526461899847;0.761148877104317;0.987649927038474;0.742712745132932
"2014";0.318798873944323;0.387112918360963;0.657522677510166;0.643290584923366;1.22965279949953;1.16703159211761;0.930778855176728
"2015";0.355096289337717;0.301550023485204;0.566463128229216;0.577736026303429;1.10192578675434;1.0624706434946;0.904650070455613
"2016";0.513107884221811;0.622746321021343;1.16216743007504;0.969203781307865;1.65334762693695;2.07435922424715;1.63141993957704
"2017";0.326924780721184;0.519447151590325;0.973509347036413;0.92628687871002;1.30406662532117;1.38761406928325;1.0679542836892
"2018";0.374302325581395;0.404651162790698;0.687906976744186;0.832906976744186;1.305;1.2746511627907;1.05209302325581
"2019";0.21195514100098;0.426813777084165;0.49069066889268;0.743294741044532;1.26011686567706;1.0597757050049;0.728777265633506
"2020";0.360821440011389;0.360821440011389;0.563618891696622;0.803288607324625;1.25629070719294;1.27736057230309;1.10880165142186
"2021";0.466812636847044;0.594901470128245;0.759993744135127;0.976321551454489;1.24957772912105;1.05886768845793;1.16418517360025
"2022";0.569281352747769;0.574917801784876;0.744011272898074;0.935650540159699;1.27101925786754;1.11319868482856;1.25129168623767
