"species";"year";"std.mean";"std.min";"std.mid";"std.max";"res.mean";"res.min";"res.mid";"res.max";"sd.std.mean";"sd.std.min";"sd.std.mid";"sd.std.max";"sd.res.mean";"sd.res.min";"sd.res.mid";"sd.res.max";"cv.std.mean";"cv.std.min";"cv.std.mid";"cv.std.max";"cv.res.mean";"cv.res.min";"cv.res.mid";"cv.res.max"
"1";"ABAL";1961;0.699112888036274;NA;NA;NA;1.09081084458456;NA;NA;NA;0.291662376373756;NA;NA;NA;0.131807136817631;NA;NA;NA;0.417189242774513;NA;NA;NA;0.120834090962701;NA;NA;NA
"2";"ABAL";1962;0.625815663734412;NA;NA;NA;0.739677252664352;NA;NA;NA;0.31548451633746;NA;NA;NA;0.0907388214346136;NA;NA;NA;0.504117321792296;NA;NA;NA;0.122673532419401;NA;NA;NA
"3";"ABAL";1963;0.690911394397947;NA;NA;NA;1.09375828735305;NA;NA;NA;0.286797320334455;NA;NA;NA;0.135163054226317;NA;NA;NA;0.415100000752436;NA;NA;NA;0.12357671323654;NA;NA;NA
"4";"ABAL";1964;0.73422962433416;NA;NA;NA;1.0436097412877;NA;NA;NA;0.181177408380475;NA;NA;NA;0.0332740668206655;NA;NA;NA;0.246758510383965;NA;NA;NA;0.0318836299665131;NA;NA;NA
"5";"ABAL";1965;0.625328342018952;NA;NA;NA;1.07777300237351;NA;NA;NA;0.163217646681227;NA;NA;NA;0.0258369096441362;NA;NA;NA;0.261011113224548;NA;NA;NA;0.0239724966085042;NA;NA;NA
"6";"ABAL";1966;0.503938510785126;NA;NA;NA;0.834451782766384;NA;NA;NA;0.210767152345069;NA;NA;NA;0.125071612622889;NA;NA;NA;0.418239820601719;NA;NA;NA;0.149884768905701;NA;NA;NA
"7";"ABAL";1967;0.566175331240982;NA;NA;NA;0.923388103377655;NA;NA;NA;0.0359540452581523;NA;NA;NA;0.0340704696412356;NA;NA;NA;0.0635033765588935;NA;NA;NA;0.0368972369436096;NA;NA;NA
"8";"ABAL";1968;0.431166301297152;NA;NA;NA;0.854317240364781;NA;NA;NA;0.131648789944338;NA;NA;NA;0.0483791573756688;NA;NA;NA;0.305331816397238;NA;NA;NA;0.0566290308679848;NA;NA;NA
"9";"ABAL";1969;0.591083163511695;NA;NA;NA;0.962478079992183;NA;NA;NA;0.0714528274177415;NA;NA;NA;0.0153793967875617;NA;NA;NA;0.120884558770431;NA;NA;NA;0.0159789579703328;NA;NA;NA
"10";"ABAL";1970;0.647498708218302;NA;NA;NA;1.1525610901113;NA;NA;NA;0.125077193666519;NA;NA;NA;0.0766519706676758;NA;NA;NA;0.193169796447454;NA;NA;NA;0.0665057768523782;NA;NA;NA
"11";"ABAL";1971;0.673406028701337;NA;NA;NA;1.02322988478515;NA;NA;NA;0.153603777796132;NA;NA;NA;0.235224368117205;NA;NA;NA;0.228099796035917;NA;NA;NA;0.229884184986051;NA;NA;NA
"12";"ABAL";1972;0.439429504782809;NA;NA;NA;1.02377646980021;NA;NA;NA;0.185633129307141;NA;NA;NA;0.156895999205588;NA;NA;NA;0.422441204531524;NA;NA;NA;0.153252202833112;NA;NA;NA
"13";"ABAL";1973;0.469298950727348;NA;NA;NA;0.78236338789784;NA;NA;NA;0.0459721261416296;NA;NA;NA;0.0186190146756937;NA;NA;NA;0.0979591496430563;NA;NA;NA;0.0237984227837167;NA;NA;NA
"14";"ABAL";1974;0.334028678945909;NA;NA;NA;0.715524401723742;NA;NA;NA;0.0945799994468;NA;NA;NA;0.13850682596781;NA;NA;NA;0.283149338389941;NA;NA;NA;0.19357386782916;NA;NA;NA
"15";"ABAL";1975;0.267353877767798;NA;NA;NA;0.896722486821236;NA;NA;NA;0.190154731033344;NA;NA;NA;0.00396984193078686;NA;NA;NA;0.711247327403634;NA;NA;NA;0.00442705741088241;NA;NA;NA
"16";"ABAL";1976;0.317195159332544;NA;NA;NA;0.796199399869732;NA;NA;NA;0.0634705554612987;NA;NA;NA;0.0898880053260347;NA;NA;NA;0.200099382332492;NA;NA;NA;0.112896349005967;NA;NA;NA
"17";"ABAL";1977;0.224189705677659;NA;NA;NA;0.826141320879926;NA;NA;NA;0.209432468842132;NA;NA;NA;0.026807049627434;NA;NA;NA;0.934175225437223;NA;NA;NA;0.0324485036033323;NA;NA;NA
"18";"ABAL";1978;0.379879250242491;NA;NA;NA;0.92906939584261;NA;NA;NA;0.211664293289946;NA;NA;NA;0.173432717370358;NA;NA;NA;0.557188351706055;NA;NA;NA;0.186673587728142;NA;NA;NA
"19";"ABAL";1979;0.327225366394097;NA;NA;NA;0.888764116759808;NA;NA;NA;0.19687211085378;NA;NA;NA;0.00903241447799962;NA;NA;NA;0.601640737768097;NA;NA;NA;0.0101628928392489;NA;NA;NA
"20";"ABAL";1980;0.336205273766658;NA;NA;NA;0.983500825502353;NA;NA;NA;0.180831289105486;NA;NA;NA;0.11985051012385;NA;NA;NA;0.537859763707904;NA;NA;NA;0.121861117973778;NA;NA;NA
"21";"ABAL";1981;0.435320699191443;NA;NA;NA;0.893200964143201;NA;NA;NA;0.0259131675774947;NA;NA;NA;0.0554186882915161;NA;NA;NA;0.0595266148051894;NA;NA;NA;0.06204503859294;NA;NA;NA
"22";"ABAL";1982;0.528971865005694;NA;NA;NA;1.02708067092685;NA;NA;NA;0.0482160903393666;NA;NA;NA;0.00667496416381806;NA;NA;NA;0.0911505762954851;NA;NA;NA;0.00649896775663637;NA;NA;NA
"23";"ABAL";1983;0.688863806043686;NA;NA;NA;1.23345970561513;NA;NA;NA;0.18841151914178;NA;NA;NA;0.262024041784679;NA;NA;NA;0.273510550980859;NA;NA;NA;0.21243015932491;NA;NA;NA
"24";"ABAL";1984;0.611818521872841;NA;NA;NA;1.08214614314165;NA;NA;NA;0.0109983100101855;NA;NA;NA;0.149605154721954;NA;NA;NA;0.0179764253892127;NA;NA;NA;0.138248568060896;NA;NA;NA
"25";"ABAL";1985;0.788362948511613;NA;NA;NA;1.12765898682195;NA;NA;NA;0.0363035012645726;NA;NA;NA;0.0212360172273405;NA;NA;NA;0.0460492230553347;NA;NA;NA;0.018831949619086;NA;NA;NA
"26";"ABAL";1986;0.539719893411618;NA;NA;NA;1.06721260778135;NA;NA;NA;0.173272039692257;NA;NA;NA;0.196767846627607;NA;NA;NA;0.321040676483108;NA;NA;NA;0.1843754891883;NA;NA;NA
"27";"ABAL";1987;0.597135889353167;NA;NA;NA;0.98185858175578;NA;NA;NA;0.236745500389765;NA;NA;NA;0.0152923973260207;NA;NA;NA;0.396468382843667;NA;NA;NA;0.0155749489897767;NA;NA;NA
"28";"ABAL";1988;0.79699345259857;NA;NA;NA;1.12599248835284;NA;NA;NA;0.000907272182568733;NA;NA;NA;0.167220870004213;NA;NA;NA;0.00113836842650414;NA;NA;NA;0.148509756267408;NA;NA;NA
"29";"ABAL";1989;0.704220138904885;NA;NA;NA;1.0312816931123;NA;NA;NA;0.154000569474102;NA;NA;NA;0.112811582480286;NA;NA;NA;0.218682427505673;NA;NA;NA;0.109389687835757;NA;NA;NA
"30";"ABAL";1990;0.751158035225587;NA;NA;NA;0.836928894750812;NA;NA;NA;0.158307366601222;NA;NA;NA;0.161223363653904;NA;NA;NA;0.210751079236847;NA;NA;NA;0.192636871142926;NA;NA;NA
"31";"ABAL";1991;0.690576528139491;NA;NA;NA;0.983847794327889;NA;NA;NA;0.0608875336733529;NA;NA;NA;0.0968194708125551;NA;NA;NA;0.0881691328800189;NA;NA;NA;0.0984089931092408;NA;NA;NA
"32";"ABAL";1992;0.796640814569228;NA;NA;NA;1.0003291834438;NA;NA;NA;0.214749401341392;NA;NA;NA;0.0997523459918885;NA;NA;NA;0.269568665594311;NA;NA;NA;0.0997195199768882;NA;NA;NA
"33";"ABAL";1993;0.773770329166239;NA;NA;NA;1.02835993964932;NA;NA;NA;0.0278151053015885;NA;NA;NA;0.197258940959223;NA;NA;NA;0.035947495339554;NA;NA;NA;0.191818966641669;NA;NA;NA
"34";"ABAL";1994;0.974152503607249;NA;NA;NA;1.14700636674797;NA;NA;NA;0.309982506539434;NA;NA;NA;0.317507753292614;NA;NA;NA;0.318207370397942;NA;NA;NA;0.276814290223012;NA;NA;NA
"35";"ABAL";1995;0.865385707897539;NA;NA;NA;0.931358386430122;NA;NA;NA;0.0972197563285853;NA;NA;NA;0.0183006616073695;NA;NA;NA;0.112342687707174;NA;NA;NA;0.0196494302021755;NA;NA;NA
"36";"ABAL";1996;0.779207063344464;NA;NA;NA;0.861353309968455;NA;NA;NA;0.220405356073846;NA;NA;NA;0.116121190600974;NA;NA;NA;0.282858519182098;NA;NA;NA;0.134812497098579;NA;NA;NA
"37";"ABAL";1997;1.52379541716672;NA;NA;NA;1.69816377722387;NA;NA;NA;0.132320049925487;NA;NA;NA;0.0757811023081391;NA;NA;NA;0.0868358366449987;NA;NA;NA;0.0446253201985175;NA;NA;NA
"38";"ABAL";1998;1.48462858486526;NA;NA;NA;1.36706210041369;NA;NA;NA;0.353109086661102;NA;NA;NA;0.0121013172329899;NA;NA;NA;0.237843384036116;NA;NA;NA;0.00885206109461146;NA;NA;NA
"39";"ABAL";1999;1.73718949091022;NA;NA;NA;1.49090920640274;NA;NA;NA;0.250753078814584;NA;NA;NA;0.0715154919223731;NA;NA;NA;0.144344114517524;NA;NA;NA;0.0479677042808834;NA;NA;NA
"40";"ABAL";2000;1.53442102368817;NA;NA;NA;1.11765602282662;NA;NA;NA;0.520821934246296;NA;NA;NA;0.173209568996049;NA;NA;NA;0.339425702728209;NA;NA;NA;0.154975739814824;NA;NA;NA
"41";"ABAL";2001;1.43674585265417;NA;NA;NA;1.016512828675;NA;NA;NA;0.45783657897168;NA;NA;NA;0.0136874216596644;NA;NA;NA;0.318662189367658;NA;NA;NA;0.0134650751801191;NA;NA;NA
"42";"ABAL";2002;1.54022769457175;NA;NA;NA;1.18618691645974;NA;NA;NA;0.239756201124087;NA;NA;NA;0.131836467882332;NA;NA;NA;0.155662829573227;NA;NA;NA;0.111143080447901;NA;NA;NA
"43";"ABAL";2003;1.06855273326313;NA;NA;NA;0.919639785298848;NA;NA;NA;0.14039006931298;NA;NA;NA;0.208905275621621;NA;NA;NA;0.131383379540155;NA;NA;NA;0.227159893429072;NA;NA;NA
"44";"ABAL";2004;1.30351710773936;NA;NA;NA;0.992760361243246;NA;NA;NA;0.115826581885;NA;NA;NA;0.112446543454196;NA;NA;NA;0.0888569710342144;NA;NA;NA;0.113266552376626;NA;NA;NA
"45";"ABAL";2005;1.34212149462809;NA;NA;NA;1.23050770005539;NA;NA;NA;0.337057079810515;NA;NA;NA;0.0633993572637401;NA;NA;NA;0.251137532004072;NA;NA;NA;0.0515229260742427;NA;NA;NA
"46";"ABAL";2006;1.07687609804287;NA;NA;NA;0.70892722174937;NA;NA;NA;0.248029918345001;NA;NA;NA;0.10735025467039;NA;NA;NA;0.23032354306663;NA;NA;NA;0.151426340217955;NA;NA;NA
"47";"ABAL";2007;1.22735118121662;NA;NA;NA;1.08242566020181;NA;NA;NA;0.282141916621015;NA;NA;NA;0.0348968211707869;NA;NA;NA;0.229878718445799;NA;NA;NA;0.0322394622133041;NA;NA;NA
"48";"ABAL";2008;1.64730385978032;NA;NA;NA;1.3363586392731;NA;NA;NA;0.718995030498017;NA;NA;NA;0.501496040112387;NA;NA;NA;0.436467762901923;NA;NA;NA;0.375270548918791;NA;NA;NA
"49";"ABAL";2009;1.64027391043805;NA;NA;NA;1.07997434209942;NA;NA;NA;0.566422533149785;NA;NA;NA;0.22183401763403;NA;NA;NA;0.345321918214572;NA;NA;NA;0.205406748092547;NA;NA;NA
"50";"ABAL";2010;1.28358744104812;NA;NA;NA;1.02870822902374;NA;NA;NA;0.378934359552233;NA;NA;NA;0.107084632270664;NA;NA;NA;0.295215072564757;NA;NA;NA;0.104096214309755;NA;NA;NA
"51";"ABAL";2011;1.62290238461759;NA;NA;NA;1.14630846364471;NA;NA;NA;0.528226633697237;NA;NA;NA;0.213986884640957;NA;NA;NA;0.325482689965795;NA;NA;NA;0.186674783819167;NA;NA;NA
"52";"ABAL";2012;1.61265544276036;NA;NA;NA;1.02978111640377;NA;NA;NA;0.422231911850155;NA;NA;NA;0.0787903650113393;NA;NA;NA;0.261824008188274;NA;NA;NA;0.076511759398437;NA;NA;NA
"53";"ABAL";2013;1.15348495140133;NA;NA;NA;0.853213157404405;NA;NA;NA;0.183254412138799;NA;NA;NA;0.312825000016844;NA;NA;NA;0.158870223591707;NA;NA;NA;0.366643431716996;NA;NA;NA
"54";"ABAL";2014;1.38584634154561;NA;NA;NA;1.30378784209041;NA;NA;NA;0.0718061192883513;NA;NA;NA;0.00879712589445431;NA;NA;NA;0.0518139112076938;NA;NA;NA;0.00674735996950974;NA;NA;NA
"55";"ABAL";2015;1.13590191002027;NA;NA;NA;0.91401987076835;NA;NA;NA;0.167282436863712;NA;NA;NA;0.200613093480165;NA;NA;NA;0.147268382408766;NA;NA;NA;0.219484389668164;NA;NA;NA
"56";"ABAL";2016;1.42051808713052;NA;NA;NA;1.23034118186717;NA;NA;NA;0.378342819305527;NA;NA;NA;0.188381019501207;NA;NA;NA;0.266341430449357;NA;NA;NA;0.15311282941478;NA;NA;NA
"57";"ABAL";2017;1.14026206313754;NA;NA;NA;0.918564948306057;NA;NA;NA;0.733768396960332;NA;NA;NA;0.386189746743633;NA;NA;NA;0.643508558849442;NA;NA;NA;0.420427262607628;NA;NA;NA
"58";"ABAL";2018;1.15900679033233;NA;NA;NA;0.824809775479772;NA;NA;NA;0.314975481241242;NA;NA;NA;0.0444574769347617;NA;NA;NA;0.271763275132259;NA;NA;NA;0.053900278896309;NA;NA;NA
"59";"ABAL";2019;1.29298750800699;NA;NA;NA;1.05902075220144;NA;NA;NA;0.557353398284992;NA;NA;NA;0.145175899847009;NA;NA;NA;0.431058610259967;NA;NA;NA;0.137085037800462;NA;NA;NA
"60";"ABAL";2020;1.74878688457506;NA;NA;NA;1.19386011761222;NA;NA;NA;NA;NA;NA;NA;NA;NA;NA;NA;NA;NA;NA;NA;NA;NA;NA;NA
"61";"PCAB";1961;1.52291418748035;NA;NA;NA;1.06156608856904;NA;NA;NA;0.079875784496547;NA;NA;NA;0.16931990819957;NA;NA;NA;0.0524493009213481;NA;NA;NA;0.159500110283108;NA;NA;NA
"62";"PCAB";1962;1.13405279258897;NA;NA;NA;0.701139563925855;NA;NA;NA;0.0966407204846263;NA;NA;NA;0.185078273611161;NA;NA;NA;0.085217126677147;NA;NA;NA;0.263967807742673;NA;NA;NA
"63";"PCAB";1963;1.37289500135659;NA;NA;NA;1.24220127611235;NA;NA;NA;0.18787803450448;NA;NA;NA;0.160118016220151;NA;NA;NA;0.136848072371764;NA;NA;NA;0.128898608703143;NA;NA;NA
"64";"PCAB";1964;0.858676716689556;NA;NA;NA;0.836127657633816;NA;NA;NA;0.0570522388185877;NA;NA;NA;0.0972001066374119;NA;NA;NA;0.0664420470588051;NA;NA;NA;0.116250318656462;NA;NA;NA
"65";"PCAB";1965;1.00528132740038;NA;NA;NA;0.909831349394796;NA;NA;NA;0.189759345916704;NA;NA;NA;0.0557457536469518;NA;NA;NA;0.188762429724438;NA;NA;NA;0.0612704252101589;NA;NA;NA
"66";"PCAB";1966;1.41096641887902;NA;NA;NA;1.36058705676997;NA;NA;NA;0.0471572458165676;NA;NA;NA;0.0191820539863614;NA;NA;NA;0.0334219476704718;NA;NA;NA;0.0140983657685967;NA;NA;NA
"67";"PCAB";1967;1.39337754863463;NA;NA;NA;1.00963882524311;NA;NA;NA;0.152501609986691;NA;NA;NA;0.213010578630902;NA;NA;NA;0.109447443111257;NA;NA;NA;0.210977008119326;NA;NA;NA
"68";"PCAB";1968;1.2166976486547;NA;NA;NA;0.855665787466766;NA;NA;NA;0.163820305646066;NA;NA;NA;0.196906619405828;NA;NA;NA;0.134643397911718;NA;NA;NA;0.230120944754351;NA;NA;NA
"69";"PCAB";1969;1.24526182582915;NA;NA;NA;1.11831359044479;NA;NA;NA;0.0825552849304894;NA;NA;NA;0.134131845062602;NA;NA;NA;0.0662955237349548;NA;NA;NA;0.119941174111328;NA;NA;NA
"70";"PCAB";1970;1.36094911015999;NA;NA;NA;1.19789562598376;NA;NA;NA;0.268785727975886;NA;NA;NA;0.0904177852606958;NA;NA;NA;0.197498735235065;NA;NA;NA;0.0754805204221707;NA;NA;NA
"71";"PCAB";1971;0.995624390524998;NA;NA;NA;0.876437028888829;NA;NA;NA;0.0330852954681007;NA;NA;NA;0.0851666868327669;NA;NA;NA;0.0332307000340305;NA;NA;NA;0.0971737660841916;NA;NA;NA
"72";"PCAB";1972;1.18354832338119;NA;NA;NA;1.14124663708138;NA;NA;NA;0.0892270191847688;NA;NA;NA;0.0225121944170821;NA;NA;NA;0.0753894179241137;NA;NA;NA;0.0197259678018897;NA;NA;NA
"73";"PCAB";1973;0.940271207705952;NA;NA;NA;0.729370623324044;NA;NA;NA;0.385571852681756;NA;NA;NA;0.240134202621139;NA;NA;NA;0.410064510666517;NA;NA;NA;0.329234815527322;NA;NA;NA
"74";"PCAB";1974;0.527410805970408;NA;NA;NA;0.519602627360348;NA;NA;NA;0.250332108021825;NA;NA;NA;0.0171466299574322;NA;NA;NA;0.474643494573888;NA;NA;NA;0.0329995058811373;NA;NA;NA
"75";"PCAB";1975;0.892444569175374;NA;NA;NA;1.19732311107338;NA;NA;NA;0.175375862539631;NA;NA;NA;0.0771766098653457;NA;NA;NA;0.196511770699305;NA;NA;NA;0.0644576298173667;NA;NA;NA
"76";"PCAB";1976;0.564852288400073;NA;NA;NA;0.764072287273166;NA;NA;NA;0.203491608568348;NA;NA;NA;0.107337488127462;NA;NA;NA;0.36025632319687;NA;NA;NA;0.140480802556692;NA;NA;NA
"77";"PCAB";1977;0.826226627660429;NA;NA;NA;0.962229313011883;NA;NA;NA;0.208097671093988;NA;NA;NA;0.156078822089114;NA;NA;NA;0.251865122869793;NA;NA;NA;0.162205432716002;NA;NA;NA
"78";"PCAB";1978;1.06665843736767;NA;NA;NA;1.29093720823035;NA;NA;NA;0.061974820322875;NA;NA;NA;0.0383902387376432;NA;NA;NA;0.0581018423065383;NA;NA;NA;0.0297382696020278;NA;NA;NA
"79";"PCAB";1979;0.934621105457081;NA;NA;NA;0.903457172968998;NA;NA;NA;0.0383727775712052;NA;NA;NA;0.0153705910974877;NA;NA;NA;0.0410570415617127;NA;NA;NA;0.0170130821441993;NA;NA;NA
"80";"PCAB";1980;0.832706628493688;NA;NA;NA;0.853607520341744;NA;NA;NA;0.222030898942342;NA;NA;NA;0.059174266589326;NA;NA;NA;0.266637602421853;NA;NA;NA;0.0693225694235162;NA;NA;NA
"81";"PCAB";1981;1.2138446623485;NA;NA;NA;1.31670941508923;NA;NA;NA;0.114558953422228;NA;NA;NA;0.446527105288591;NA;NA;NA;0.0943769470473955;NA;NA;NA;0.339123499970062;NA;NA;NA
"82";"PCAB";1982;1.01805722044913;NA;NA;NA;0.97232164144993;NA;NA;NA;0.0632161926187703;NA;NA;NA;0.110712229004909;NA;NA;NA;0.06209493076517;NA;NA;NA;0.113863791861934;NA;NA;NA
"83";"PCAB";1983;0.8480178033075;NA;NA;NA;0.856346512409623;NA;NA;NA;0.214361983080062;NA;NA;NA;0.172325513307651;NA;NA;NA;0.252780050423461;NA;NA;NA;0.20123339186932;NA;NA;NA
"84";"PCAB";1984;0.833712308803447;NA;NA;NA;0.839444153360824;NA;NA;NA;0.398994330679827;NA;NA;NA;0.262843269881135;NA;NA;NA;0.478575554740781;NA;NA;NA;0.313115850326442;NA;NA;NA
"85";"PCAB";1985;0.910379848189916;NA;NA;NA;1.13125768211661;NA;NA;NA;0.319519840605007;NA;NA;NA;0.0947058743517085;NA;NA;NA;0.35097420185684;NA;NA;NA;0.0837173314699724;NA;NA;NA
"86";"PCAB";1986;0.978429594758198;NA;NA;NA;1.07642781815555;NA;NA;NA;0.337859262378078;NA;NA;NA;0.188686253962846;NA;NA;NA;0.34530768916651;NA;NA;NA;0.175289276977399;NA;NA;NA
"87";"PCAB";1987;1.25602169607016;NA;NA;NA;1.28980239998275;NA;NA;NA;0.247422245964985;NA;NA;NA;0.0320227219328263;NA;NA;NA;0.196988831275065;NA;NA;NA;0.0248276185043962;NA;NA;NA
"88";"PCAB";1988;0.949763432055681;NA;NA;NA;0.864368238571071;NA;NA;NA;0.147037588057444;NA;NA;NA;0.043906974819257;NA;NA;NA;0.154814960330904;NA;NA;NA;0.0507966082740867;NA;NA;NA
"89";"PCAB";1989;1.23652783596357;NA;NA;NA;1.1703846511092;NA;NA;NA;0.495379194627688;NA;NA;NA;0.299233704517655;NA;NA;NA;0.400621142702916;NA;NA;NA;0.255671248109812;NA;NA;NA
"90";"PCAB";1990;0.971801022951293;NA;NA;NA;1.00465286551781;NA;NA;NA;0.239751999174354;NA;NA;NA;0.0312830298156279;NA;NA;NA;0.246708938879529;NA;NA;NA;0.0311381481995815;NA;NA;NA
"91";"PCAB";1991;0.861611093088862;NA;NA;NA;0.935922696734866;NA;NA;NA;0.314782038351074;NA;NA;NA;0.0605026738984207;NA;NA;NA;0.365341208900393;NA;NA;NA;0.0646449478247457;NA;NA;NA
"92";"PCAB";1992;0.634672773738249;NA;NA;NA;0.737983413354242;NA;NA;NA;0.248026225711664;NA;NA;NA;0.136202447927862;NA;NA;NA;0.390793864136915;NA;NA;NA;0.184560310520804;NA;NA;NA
"93";"PCAB";1993;0.566267649072653;NA;NA;NA;0.837575153100593;NA;NA;NA;0.342105766246535;NA;NA;NA;0.11804763570847;NA;NA;NA;0.604141463505435;NA;NA;NA;0.140939753610734;NA;NA;NA
"94";"PCAB";1994;0.58971067656067;NA;NA;NA;0.808228606277556;NA;NA;NA;0.224021269399723;NA;NA;NA;0.00160341045286961;NA;NA;NA;0.379883353488302;NA;NA;NA;0.0019838575873408;NA;NA;NA
"95";"PCAB";1995;0.67333238857518;NA;NA;NA;1.01862204220637;NA;NA;NA;0.0314587186710063;NA;NA;NA;0.0927277020531685;NA;NA;NA;0.0467209348678076;NA;NA;NA;0.0910324911606242;NA;NA;NA
"96";"PCAB";1996;0.854644977981274;NA;NA;NA;1.02042444792489;NA;NA;NA;0.0295591859417989;NA;NA;NA;0.207974818832035;NA;NA;NA;0.0345865086712609;NA;NA;NA;0.20381206982542;NA;NA;NA
"97";"PCAB";1997;1.25218500494826;NA;NA;NA;1.39879354528684;NA;NA;NA;0.0396142116355047;NA;NA;NA;0.0234832017191506;NA;NA;NA;0.0316360693339731;NA;NA;NA;0.0167881827867136;NA;NA;NA
"98";"PCAB";1998;0.982105034452981;NA;NA;NA;0.995096903155896;NA;NA;NA;0.0213807703914569;NA;NA;NA;0.0406568307776077;NA;NA;NA;0.0217703500556493;NA;NA;NA;0.0408571573770019;NA;NA;NA
"99";"PCAB";1999;1.25475250046493;NA;NA;NA;1.31927563877945;NA;NA;NA;0.409412144958832;NA;NA;NA;0.189082494924016;NA;NA;NA;0.326289164442495;NA;NA;NA;0.143322964031193;NA;NA;NA
"100";"PCAB";2000;0.802021361321133;NA;NA;NA;0.755370779864655;NA;NA;NA;0.129436426792262;NA;NA;NA;0.0299776661964456;NA;NA;NA;0.161387754783797;NA;NA;NA;0.0396860283658535;NA;NA;NA
"101";"PCAB";2001;0.950495036433588;NA;NA;NA;1.00448725498395;NA;NA;NA;0.334239495920559;NA;NA;NA;0.0726277625439787;NA;NA;NA;0.351647807835672;NA;NA;NA;0.0723033191149242;NA;NA;NA
"102";"PCAB";2002;0.774424281352906;NA;NA;NA;0.918095303332441;NA;NA;NA;0.357747385203365;NA;NA;NA;0.225058439921486;NA;NA;NA;0.46195269675479;NA;NA;NA;0.245136250130661;NA;NA;NA
"103";"PCAB";2003;0.580692129138992;NA;NA;NA;0.674767401428254;NA;NA;NA;0.33525623455607;NA;NA;NA;0.0804730370565858;NA;NA;NA;0.577339036871679;NA;NA;NA;0.119260410159489;NA;NA;NA
"104";"PCAB";2004;0.499151101245055;NA;NA;NA;0.704762283853387;NA;NA;NA;0.253591533274796;NA;NA;NA;0.0228116620278869;NA;NA;NA;0.508045625146876;NA;NA;NA;0.0323678814126672;NA;NA;NA
"105";"PCAB";2005;0.559082828220363;NA;NA;NA;0.990427399668585;NA;NA;NA;0.14987794736806;NA;NA;NA;0.0476290773702698;NA;NA;NA;0.268078252099321;NA;NA;NA;0.0480894181503939;NA;NA;NA
"106";"PCAB";2006;0.614222861439356;NA;NA;NA;0.906195182199881;NA;NA;NA;0.0638123368930296;NA;NA;NA;0.107530844813817;NA;NA;NA;0.103891178429102;NA;NA;NA;0.118661903005018;NA;NA;NA
"107";"PCAB";2007;0.586900124657089;NA;NA;NA;1.02029343307871;NA;NA;NA;0.169604734848121;NA;NA;NA;0.12669249941725;NA;NA;NA;0.288983981639494;NA;NA;NA;0.124172610848782;NA;NA;NA
"108";"PCAB";2008;0.571569981128659;NA;NA;NA;0.87435563452662;NA;NA;NA;0.0329159000578899;NA;NA;NA;0.0779177923216155;NA;NA;NA;0.057588573831138;NA;NA;NA;0.0891145310269551;NA;NA;NA
"109";"PCAB";2009;0.581870976128331;NA;NA;NA;1.02474373835646;NA;NA;NA;0.0232756913026224;NA;NA;NA;0.19266774164304;NA;NA;NA;0.0400014646846537;NA;NA;NA;0.18801553445162;NA;NA;NA
"110";"PCAB";2010;0.740096723399025;NA;NA;NA;1.03065703565746;NA;NA;NA;0.0980649889743933;NA;NA;NA;0.0248983314368149;NA;NA;NA;0.132502936270292;NA;NA;NA;0.0241577271346449;NA;NA;NA
"111";"PCAB";2011;0.920839452142225;NA;NA;NA;1.0588534162554;NA;NA;NA;0.0209060069296914;NA;NA;NA;0.0437273054915616;NA;NA;NA;0.0227032050821194;NA;NA;NA;0.0412968450781429;NA;NA;NA
"112";"PCAB";2012;0.643119052261387;NA;NA;NA;0.845736710400994;NA;NA;NA;0.251803991570907;NA;NA;NA;0.220003346653717;NA;NA;NA;0.391535580675916;NA;NA;NA;0.260132194745816;NA;NA;NA
"113";"PCAB";2013;0.62979697158478;NA;NA;NA;0.895311584323452;NA;NA;NA;0.293601015270201;NA;NA;NA;0.010998630672236;NA;NA;NA;0.46618359331167;NA;NA;NA;0.0122846960374663;NA;NA;NA
"114";"PCAB";2014;0.687950324298675;NA;NA;NA;1.08994919256988;NA;NA;NA;0.00239619213079869;NA;NA;NA;0.201870044807448;NA;NA;NA;0.00348308888907272;NA;NA;NA;0.185210509061877;NA;NA;NA
"115";"PCAB";2015;0.463889621112192;NA;NA;NA;0.765583835697871;NA;NA;NA;0.0399078900756659;NA;NA;NA;0.200678082403508;NA;NA;NA;0.0860288488024053;NA;NA;NA;0.262124241717538;NA;NA;NA
"116";"PCAB";2016;0.657583345000747;NA;NA;NA;0.927334903391587;NA;NA;NA;0.0192033073431258;NA;NA;NA;0.0264465484859406;NA;NA;NA;0.0292028493256684;NA;NA;NA;0.0285188753159364;NA;NA;NA
"117";"PCAB";2017;0.346807630514274;NA;NA;NA;0.808345423418011;NA;NA;NA;0.164328560221328;NA;NA;NA;0.220635579913799;NA;NA;NA;0.473832020297964;NA;NA;NA;0.272947150465531;NA;NA;NA
"118";"PCAB";2018;0.43989951266242;NA;NA;NA;0.859805288269537;NA;NA;NA;0.190405443964645;NA;NA;NA;0.00822496250504686;NA;NA;NA;0.432838497165515;NA;NA;NA;0.00956607573512441;NA;NA;NA
"119";"PCAB";2019;0.388113428878266;NA;NA;NA;0.831823089955181;NA;NA;NA;0.223383963966556;NA;NA;NA;0.0203739224857179;NA;NA;NA;0.575563604207629;NA;NA;NA;0.024493095625436;NA;NA;NA
"120";"PCAB";2020;0.392175537152394;NA;NA;NA;0.912661631302327;NA;NA;NA;0.25568922459275;NA;NA;NA;0.0644537478465676;NA;NA;NA;0.651976475762162;NA;NA;NA;0.0706217349737766;NA;NA;NA
"121";"PISY";1961;0.951260573450988;NA;NA;NA;1.0832922030652;NA;NA;NA;NA;NA;NA;NA;NA;NA;NA;NA;NA;NA;NA;NA;NA;NA;NA;NA
"122";"PISY";1962;1.00706065033608;NA;NA;NA;1.07089625495921;NA;NA;NA;NA;NA;NA;NA;NA;NA;NA;NA;NA;NA;NA;NA;NA;NA;NA;NA
"123";"PISY";1963;0.930054175137668;NA;NA;NA;0.92859697304667;NA;NA;NA;NA;NA;NA;NA;NA;NA;NA;NA;NA;NA;NA;NA;NA;NA;NA;NA
"124";"PISY";1964;0.882092289484855;NA;NA;NA;0.931404464885404;NA;NA;NA;NA;NA;NA;NA;NA;NA;NA;NA;NA;NA;NA;NA;NA;NA;NA;NA
"125";"PISY";1965;1.00601121752785;NA;NA;NA;0.936101932752875;NA;NA;NA;NA;NA;NA;NA;NA;NA;NA;NA;NA;NA;NA;NA;NA;NA;NA;NA
"126";"PISY";1966;1.07829315673194;NA;NA;NA;1.14753110183856;NA;NA;NA;NA;NA;NA;NA;NA;NA;NA;NA;NA;NA;NA;NA;NA;NA;NA;NA
"127";"PISY";1967;0.940841092854768;NA;NA;NA;0.793727587294806;NA;NA;NA;NA;NA;NA;NA;NA;NA;NA;NA;NA;NA;NA;NA;NA;NA;NA;NA
"128";"PISY";1968;0.884894414526776;NA;NA;NA;1.00672907589035;NA;NA;NA;NA;NA;NA;NA;NA;NA;NA;NA;NA;NA;NA;NA;NA;NA;NA;NA
"129";"PISY";1969;0.807332571736666;NA;NA;NA;0.868424611122742;NA;NA;NA;NA;NA;NA;NA;NA;NA;NA;NA;NA;NA;NA;NA;NA;NA;NA;NA
"130";"PISY";1970;0.872567058331744;NA;NA;NA;1.04565607158106;NA;NA;NA;NA;NA;NA;NA;NA;NA;NA;NA;NA;NA;NA;NA;NA;NA;NA;NA
"131";"PISY";1971;0.701549458468705;NA;NA;NA;0.816872517540312;NA;NA;NA;NA;NA;NA;NA;NA;NA;NA;NA;NA;NA;NA;NA;NA;NA;NA;NA
"132";"PISY";1972;0.775333131591051;NA;NA;NA;1.04148280158618;NA;NA;NA;NA;NA;NA;NA;NA;NA;NA;NA;NA;NA;NA;NA;NA;NA;NA;NA
"133";"PISY";1973;0.791292461190666;NA;NA;NA;0.864938865523765;NA;NA;NA;NA;NA;NA;NA;NA;NA;NA;NA;NA;NA;NA;NA;NA;NA;NA;NA
"134";"PISY";1974;0.657092967056796;NA;NA;NA;0.872912138722547;NA;NA;NA;NA;NA;NA;NA;NA;NA;NA;NA;NA;NA;NA;NA;NA;NA;NA;NA
"135";"PISY";1975;0.603901074004559;NA;NA;NA;0.913625705790612;NA;NA;NA;NA;NA;NA;NA;NA;NA;NA;NA;NA;NA;NA;NA;NA;NA;NA;NA
"136";"PISY";1976;0.404106861697239;NA;NA;NA;0.758627238284078;NA;NA;NA;NA;NA;NA;NA;NA;NA;NA;NA;NA;NA;NA;NA;NA;NA;NA;NA
"137";"PISY";1977;0.524623208885787;NA;NA;NA;1.01941715732169;NA;NA;NA;NA;NA;NA;NA;NA;NA;NA;NA;NA;NA;NA;NA;NA;NA;NA;NA
"138";"PISY";1978;0.629954419839427;NA;NA;NA;1.03201470037977;NA;NA;NA;NA;NA;NA;NA;NA;NA;NA;NA;NA;NA;NA;NA;NA;NA;NA;NA
"139";"PISY";1979;0.766172215823664;NA;NA;NA;1.0668579405978;NA;NA;NA;NA;NA;NA;NA;NA;NA;NA;NA;NA;NA;NA;NA;NA;NA;NA;NA
"140";"PISY";1980;0.679911598056591;NA;NA;NA;0.813387179947763;NA;NA;NA;NA;NA;NA;NA;NA;NA;NA;NA;NA;NA;NA;NA;NA;NA;NA;NA
"141";"PISY";1981;0.681316496527756;NA;NA;NA;0.999931544837785;NA;NA;NA;NA;NA;NA;NA;NA;NA;NA;NA;NA;NA;NA;NA;NA;NA;NA;NA
"142";"PISY";1982;0.834005177908486;NA;NA;NA;1.11301593451654;NA;NA;NA;NA;NA;NA;NA;NA;NA;NA;NA;NA;NA;NA;NA;NA;NA;NA;NA
"143";"PISY";1983;0.642402382412814;NA;NA;NA;0.809727860616777;NA;NA;NA;NA;NA;NA;NA;NA;NA;NA;NA;NA;NA;NA;NA;NA;NA;NA;NA
"144";"PISY";1984;0.718453168876518;NA;NA;NA;1.07129505069545;NA;NA;NA;NA;NA;NA;NA;NA;NA;NA;NA;NA;NA;NA;NA;NA;NA;NA;NA
"145";"PISY";1985;0.721664332059626;NA;NA;NA;0.918767457532152;NA;NA;NA;NA;NA;NA;NA;NA;NA;NA;NA;NA;NA;NA;NA;NA;NA;NA;NA
"146";"PISY";1986;0.750803437778385;NA;NA;NA;0.974067922239614;NA;NA;NA;NA;NA;NA;NA;NA;NA;NA;NA;NA;NA;NA;NA;NA;NA;NA;NA
"147";"PISY";1987;0.768872154540321;NA;NA;NA;1.01549497017272;NA;NA;NA;NA;NA;NA;NA;NA;NA;NA;NA;NA;NA;NA;NA;NA;NA;NA;NA
"148";"PISY";1988;0.876051404320445;NA;NA;NA;1.00398076488284;NA;NA;NA;NA;NA;NA;NA;NA;NA;NA;NA;NA;NA;NA;NA;NA;NA;NA;NA
"149";"PISY";1989;1.01989311707496;NA;NA;NA;1.1190387830163;NA;NA;NA;NA;NA;NA;NA;NA;NA;NA;NA;NA;NA;NA;NA;NA;NA;NA;NA
"150";"PISY";1990;0.895273934802604;NA;NA;NA;0.94708697656987;NA;NA;NA;NA;NA;NA;NA;NA;NA;NA;NA;NA;NA;NA;NA;NA;NA;NA;NA
"151";"PISY";1991;0.647446155984;NA;NA;NA;0.777308318909095;NA;NA;NA;NA;NA;NA;NA;NA;NA;NA;NA;NA;NA;NA;NA;NA;NA;NA;NA
"152";"PISY";1992;0.506355260201447;NA;NA;NA;0.861112483585431;NA;NA;NA;NA;NA;NA;NA;NA;NA;NA;NA;NA;NA;NA;NA;NA;NA;NA;NA
"153";"PISY";1993;0.401952399911833;NA;NA;NA;0.833296561561477;NA;NA;NA;NA;NA;NA;NA;NA;NA;NA;NA;NA;NA;NA;NA;NA;NA;NA;NA
"154";"PISY";1994;0.466273849118545;NA;NA;NA;0.923887161987919;NA;NA;NA;NA;NA;NA;NA;NA;NA;NA;NA;NA;NA;NA;NA;NA;NA;NA;NA
"155";"PISY";1995;0.490599627490294;NA;NA;NA;0.961702811710116;NA;NA;NA;NA;NA;NA;NA;NA;NA;NA;NA;NA;NA;NA;NA;NA;NA;NA;NA
"156";"PISY";1996;0.476447734450405;NA;NA;NA;0.855823790701123;NA;NA;NA;NA;NA;NA;NA;NA;NA;NA;NA;NA;NA;NA;NA;NA;NA;NA;NA
"157";"PISY";1997;0.697282462913932;NA;NA;NA;1.12727848836148;NA;NA;NA;NA;NA;NA;NA;NA;NA;NA;NA;NA;NA;NA;NA;NA;NA;NA;NA
"158";"PISY";1998;0.816118101839607;NA;NA;NA;1.01860304137991;NA;NA;NA;NA;NA;NA;NA;NA;NA;NA;NA;NA;NA;NA;NA;NA;NA;NA;NA
"159";"PISY";1999;0.887499752005568;NA;NA;NA;1.10663415335704;NA;NA;NA;NA;NA;NA;NA;NA;NA;NA;NA;NA;NA;NA;NA;NA;NA;NA;NA
"160";"PISY";2000;0.993756729893307;NA;NA;NA;1.13806414946531;NA;NA;NA;NA;NA;NA;NA;NA;NA;NA;NA;NA;NA;NA;NA;NA;NA;NA;NA
"161";"PISY";2001;0.741803485408918;NA;NA;NA;0.778543186768077;NA;NA;NA;NA;NA;NA;NA;NA;NA;NA;NA;NA;NA;NA;NA;NA;NA;NA;NA
"162";"PISY";2002;0.726495221706674;NA;NA;NA;0.97538985328388;NA;NA;NA;NA;NA;NA;NA;NA;NA;NA;NA;NA;NA;NA;NA;NA;NA;NA;NA
"163";"PISY";2003;0.734246443130895;NA;NA;NA;0.921875739700714;NA;NA;NA;NA;NA;NA;NA;NA;NA;NA;NA;NA;NA;NA;NA;NA;NA;NA;NA
"164";"PISY";2004;0.806261890112772;NA;NA;NA;0.994586867301005;NA;NA;NA;NA;NA;NA;NA;NA;NA;NA;NA;NA;NA;NA;NA;NA;NA;NA;NA
"165";"PISY";2005;0.7514912465978;NA;NA;NA;0.979083598706122;NA;NA;NA;NA;NA;NA;NA;NA;NA;NA;NA;NA;NA;NA;NA;NA;NA;NA;NA
"166";"PISY";2006;0.662638318007098;NA;NA;NA;0.875542036432418;NA;NA;NA;NA;NA;NA;NA;NA;NA;NA;NA;NA;NA;NA;NA;NA;NA;NA;NA
"167";"PISY";2007;0.767154546291113;NA;NA;NA;1.01744966495419;NA;NA;NA;NA;NA;NA;NA;NA;NA;NA;NA;NA;NA;NA;NA;NA;NA;NA;NA
"168";"PISY";2008;0.799959259867187;NA;NA;NA;1.04022994851601;NA;NA;NA;NA;NA;NA;NA;NA;NA;NA;NA;NA;NA;NA;NA;NA;NA;NA;NA
"169";"PISY";2009;1.06518417454372;NA;NA;NA;1.09682812211428;NA;NA;NA;NA;NA;NA;NA;NA;NA;NA;NA;NA;NA;NA;NA;NA;NA;NA;NA
"170";"PISY";2010;0.936949982185805;NA;NA;NA;0.896297466550119;NA;NA;NA;NA;NA;NA;NA;NA;NA;NA;NA;NA;NA;NA;NA;NA;NA;NA;NA
"171";"PISY";2011;1.04329139790643;NA;NA;NA;1.21046667027652;NA;NA;NA;NA;NA;NA;NA;NA;NA;NA;NA;NA;NA;NA;NA;NA;NA;NA;NA
"172";"PISY";2012;0.767992296544659;NA;NA;NA;0.797681663100392;NA;NA;NA;NA;NA;NA;NA;NA;NA;NA;NA;NA;NA;NA;NA;NA;NA;NA;NA
"173";"PISY";2013;0.611959215163867;NA;NA;NA;0.830953532454212;NA;NA;NA;NA;NA;NA;NA;NA;NA;NA;NA;NA;NA;NA;NA;NA;NA;NA;NA
"174";"PISY";2014;0.709060476854647;NA;NA;NA;1.06552264826471;NA;NA;NA;NA;NA;NA;NA;NA;NA;NA;NA;NA;NA;NA;NA;NA;NA;NA;NA
"175";"PISY";2015;0.577561684758385;NA;NA;NA;0.780175244714238;NA;NA;NA;NA;NA;NA;NA;NA;NA;NA;NA;NA;NA;NA;NA;NA;NA;NA;NA
"176";"PISY";2016;0.786531192318367;NA;NA;NA;1.08050501661035;NA;NA;NA;NA;NA;NA;NA;NA;NA;NA;NA;NA;NA;NA;NA;NA;NA;NA;NA
"177";"PISY";2017;0.710655165731045;NA;NA;NA;0.83910919085154;NA;NA;NA;NA;NA;NA;NA;NA;NA;NA;NA;NA;NA;NA;NA;NA;NA;NA;NA
"178";"PISY";2018;0.550902065391806;NA;NA;NA;0.813740941137747;NA;NA;NA;NA;NA;NA;NA;NA;NA;NA;NA;NA;NA;NA;NA;NA;NA;NA;NA
"179";"PISY";2019;0.527587567876808;NA;NA;NA;0.957889718914097;NA;NA;NA;NA;NA;NA;NA;NA;NA;NA;NA;NA;NA;NA;NA;NA;NA;NA;NA
"180";"PISY";2020;0.828163169860191;NA;NA;NA;1.24549168883026;NA;NA;NA;NA;NA;NA;NA;NA;NA;NA;NA;NA;NA;NA;NA;NA;NA;NA;NA
"181";"FASY";1961;1.21547675170207;NA;NA;NA;1.29465197882825;NA;NA;NA;0.627930389214134;NA;NA;NA;0.467753353820339;NA;NA;NA;0.516612422520483;NA;NA;NA;0.361296596668154;NA;NA;NA
"182";"FASY";1962;1.21904963201957;NA;NA;NA;1.13319915556917;NA;NA;NA;0.757481122801555;NA;NA;NA;0.366919507598427;NA;NA;NA;0.621370207500618;NA;NA;NA;0.323790840996642;NA;NA;NA
"183";"FASY";1963;1.23856150901372;NA;NA;NA;1.07397852101936;NA;NA;NA;0.644748065538175;NA;NA;NA;0.103078610145044;NA;NA;NA;0.520562007494965;NA;NA;NA;0.095978279013632;NA;NA;NA
"184";"FASY";1964;1.16979142512673;NA;NA;NA;0.939318333293637;NA;NA;NA;0.672811983914041;NA;NA;NA;0.0564850125816999;NA;NA;NA;0.57515551017238;NA;NA;NA;0.0601340467652113;NA;NA;NA
"185";"FASY";1965;1.18908735014743;NA;NA;NA;0.944941620905038;NA;NA;NA;0.737426571851247;NA;NA;NA;0.090655393358903;NA;NA;NA;0.620161817178372;NA;NA;NA;0.0959375599014;NA;NA;NA
"186";"FASY";1966;1.13991798603611;NA;NA;NA;1.05975549767038;NA;NA;NA;0.560537556673973;NA;NA;NA;0.167279020033523;NA;NA;NA;0.491734987552179;NA;NA;NA;0.157846805608696;NA;NA;NA
"187";"FASY";1967;1.4321019137299;NA;NA;NA;1.23746404679964;NA;NA;NA;0.541493954426263;NA;NA;NA;0.0116603153713117;NA;NA;NA;0.378111326599616;NA;NA;NA;0.00942275082776577;NA;NA;NA
"188";"FASY";1968;1.15765045821455;NA;NA;NA;0.739590203908244;NA;NA;NA;0.409856448068781;NA;NA;NA;0.262122040709457;NA;NA;NA;0.354041623842922;NA;NA;NA;0.35441524147334;NA;NA;NA
"189";"FASY";1969;1.43264336296058;NA;NA;NA;1.165836237733;NA;NA;NA;0.224003917025987;NA;NA;NA;0.274884405890239;NA;NA;NA;0.156357068910074;NA;NA;NA;0.235783034523578;NA;NA;NA
"190";"FASY";1970;1.22848383105092;NA;NA;NA;0.860094002712121;NA;NA;NA;0.36778972746904;NA;NA;NA;0.00772045126432699;NA;NA;NA;0.299385077908929;NA;NA;NA;0.00897628775457357;NA;NA;NA
"191";"FASY";1971;1.09931545434792;NA;NA;NA;0.903004987038184;NA;NA;NA;0.279418601149176;NA;NA;NA;0.037795309730805;NA;NA;NA;0.254175086908896;NA;NA;NA;0.0418550398650311;NA;NA;NA
"192";"FASY";1972;1.1436972751772;NA;NA;NA;1.00964287742564;NA;NA;NA;0.294986049161824;NA;NA;NA;0.00327591890025878;NA;NA;NA;0.257923189609873;NA;NA;NA;0.0032446313181663;NA;NA;NA
"193";"FASY";1973;1.08805463283381;NA;NA;NA;0.943232880587682;NA;NA;NA;0.392622658325846;NA;NA;NA;0.0925578606132535;NA;NA;NA;0.360848294265584;NA;NA;NA;0.0981283228332596;NA;NA;NA
"194";"FASY";1974;1.1847963163164;NA;NA;NA;0.984285489460554;NA;NA;NA;0.290474508974571;NA;NA;NA;0.169330061144296;NA;NA;NA;0.245168308657199;NA;NA;NA;0.17203348312805;NA;NA;NA
"195";"FASY";1975;1.37032327614983;NA;NA;NA;1.23823438852359;NA;NA;NA;0.127747422023207;NA;NA;NA;0.13739607930551;NA;NA;NA;0.093224295497728;NA;NA;NA;0.110961285342216;NA;NA;NA
"196";"FASY";1976;1.10507502180515;NA;NA;NA;0.856703988301013;NA;NA;NA;0.3091867771553;NA;NA;NA;0.134826379173371;NA;NA;NA;0.279788042489858;NA;NA;NA;0.157378022064254;NA;NA;NA
"197";"FASY";1977;1.40874106433682;NA;NA;NA;1.13394882106384;NA;NA;NA;0.303673384741328;NA;NA;NA;0.132557480355309;NA;NA;NA;0.215563663492897;NA;NA;NA;0.11689899746176;NA;NA;NA
"198";"FASY";1978;0.992668737405493;NA;NA;NA;0.811066257700996;NA;NA;NA;0.283928345078161;NA;NA;NA;0.125285702479566;NA;NA;NA;0.28602527145184;NA;NA;NA;0.154470366989122;NA;NA;NA
"199";"FASY";1979;1.31182301906009;NA;NA;NA;1.14930667636418;NA;NA;NA;0.538069286203394;NA;NA;NA;0.199044597342345;NA;NA;NA;0.410169114572267;NA;NA;NA;0.173186671091149;NA;NA;NA
"200";"FASY";1980;1.77080522272896;NA;NA;NA;1.4276457798857;NA;NA;NA;0.501987215906222;NA;NA;NA;0.00468913207407333;NA;NA;NA;0.283479633707324;NA;NA;NA;0.0032845206704206;NA;NA;NA
"201";"FASY";1981;1.67256113001474;NA;NA;NA;1.2066786703546;NA;NA;NA;0.317612825797112;NA;NA;NA;0.0345690752929309;NA;NA;NA;0.189896094138163;NA;NA;NA;0.0286481199529053;NA;NA;NA
"202";"FASY";1982;1.80769891424697;NA;NA;NA;1.30327212725175;NA;NA;NA;0.450360472664928;NA;NA;NA;0.157327669572334;NA;NA;NA;0.24913467011321;NA;NA;NA;0.120717435969489;NA;NA;NA
"203";"FASY";1983;1.26204922653367;NA;NA;NA;0.729276090496167;NA;NA;NA;0.214692014759261;NA;NA;NA;0.0707583929794827;NA;NA;NA;0.170113819845944;NA;NA;NA;0.0970255214747845;NA;NA;NA
"204";"FASY";1984;1.31695800075033;NA;NA;NA;0.918712534512802;NA;NA;NA;0.272851157200626;NA;NA;NA;0.0176882682760756;NA;NA;NA;0.207182884378371;NA;NA;NA;0.0192533220257584;NA;NA;NA
"205";"FASY";1985;1.34727403604081;NA;NA;NA;1.13943676483731;NA;NA;NA;0.214984122265642;NA;NA;NA;0.0486600477524931;NA;NA;NA;0.159569706321521;NA;NA;NA;0.0427053516738516;NA;NA;NA
"206";"FASY";1986;1.44319195797593;NA;NA;NA;1.13648678921906;NA;NA;NA;0.217084869413055;NA;NA;NA;0.04746131752939;NA;NA;NA;0.150419955026298;NA;NA;NA;0.0417614335508493;NA;NA;NA
"207";"FASY";1987;1.426456286434;NA;NA;NA;0.894657024375116;NA;NA;NA;0.0996688251554587;NA;NA;NA;0.572337749691381;NA;NA;NA;0.0698716295082697;NA;NA;NA;0.639728671544425;NA;NA;NA
"208";"FASY";1988;1.47033671359357;NA;NA;NA;1.06108527909512;NA;NA;NA;0.0204159637983424;NA;NA;NA;0.115301180847179;NA;NA;NA;0.013885230239844;NA;NA;NA;0.108663444040526;NA;NA;NA
"209";"FASY";1989;1.47551477024319;NA;NA;NA;0.959880596086477;NA;NA;NA;0.162509187330507;NA;NA;NA;0.0813180532664477;NA;NA;NA;0.110137282667609;NA;NA;NA;0.0847168424885231;NA;NA;NA
"210";"FASY";1990;1.2159455856869;NA;NA;NA;0.987484207017261;NA;NA;NA;0.0410323275458018;NA;NA;NA;0.11599743888975;NA;NA;NA;0.0337452004668631;NA;NA;NA;0.117467639548511;NA;NA;NA
"211";"FASY";1991;1.22673319479884;NA;NA;NA;1.03594109973672;NA;NA;NA;0.075897901595249;NA;NA;NA;0.0866867690751226;NA;NA;NA;0.0618699338348748;NA;NA;NA;0.0836792449852151;NA;NA;NA
"212";"FASY";1992;1.05279672060346;NA;NA;NA;0.840755646630693;NA;NA;NA;0.0224638362865215;NA;NA;NA;0.0185785083651599;NA;NA;NA;0.0213372969794636;NA;NA;NA;0.0220973935050128;NA;NA;NA
"213";"FASY";1993;1.03678348638749;NA;NA;NA;0.857935138172426;NA;NA;NA;0.281233620128588;NA;NA;NA;0.119497416687513;NA;NA;NA;0.271255883047003;NA;NA;NA;0.139284907880177;NA;NA;NA
"214";"FASY";1994;1.34432142131193;NA;NA;NA;1.34441275936705;NA;NA;NA;0.0321400804381511;NA;NA;NA;0.127637322546166;NA;NA;NA;0.0239080326539656;NA;NA;NA;0.0949390889493321;NA;NA;NA
"215";"FASY";1995;1.24763024270346;NA;NA;NA;1.01422950252363;NA;NA;NA;0.243809821790778;NA;NA;NA;0.301510020666112;NA;NA;NA;0.19541833264836;NA;NA;NA;0.297279875921462;NA;NA;NA
"216";"FASY";1996;1.22134353076019;NA;NA;NA;0.966839982730176;NA;NA;NA;0.262785100223865;NA;NA;NA;0.176660177150624;NA;NA;NA;0.21516067642353;NA;NA;NA;0.18271914722824;NA;NA;NA
"217";"FASY";1997;1.46865939768225;NA;NA;NA;1.35790506915546;NA;NA;NA;0.279253296726823;NA;NA;NA;0.0220531416120361;NA;NA;NA;0.190141633361367;NA;NA;NA;0.0162405621077414;NA;NA;NA
"218";"FASY";1998;1.23799073564128;NA;NA;NA;0.884413544687889;NA;NA;NA;0.114575873937906;NA;NA;NA;0.0282669059641664;NA;NA;NA;0.0925498637746718;NA;NA;NA;0.0319611861825815;NA;NA;NA
"219";"FASY";1999;1.56390956051074;NA;NA;NA;1.40689996312201;NA;NA;NA;0.328386555535194;NA;NA;NA;0.0934702046942913;NA;NA;NA;0.20997797048312;NA;NA;NA;0.066436994203109;NA;NA;NA
"220";"FASY";2000;1.13810135018802;NA;NA;NA;0.780311698214142;NA;NA;NA;0.0443694191074923;NA;NA;NA;0.23286371880946;NA;NA;NA;0.0389854726911292;NA;NA;NA;0.298423975114564;NA;NA;NA
"221";"FASY";2001;1.53057751634454;NA;NA;NA;1.27213174138449;NA;NA;NA;0.18696588627602;NA;NA;NA;0.0644722774158919;NA;NA;NA;0.122153817287574;NA;NA;NA;0.0506805036919565;NA;NA;NA
"222";"FASY";2002;1.32449345150173;NA;NA;NA;0.991786530148667;NA;NA;NA;0.0146893339094724;NA;NA;NA;0.0654309208078758;NA;NA;NA;0.0110905296608432;NA;NA;NA;0.0659727862991524;NA;NA;NA
"223";"FASY";2003;1.17109240084768;NA;NA;NA;0.95829282781724;NA;NA;NA;0.170012714610048;NA;NA;NA;0.123350524723534;NA;NA;NA;0.145174466580934;NA;NA;NA;0.128719031534961;NA;NA;NA
"224";"FASY";2004;1.28827491067558;NA;NA;NA;1.06706245513471;NA;NA;NA;0.262666797725231;NA;NA;NA;0.119355586817909;NA;NA;NA;0.203890330820373;NA;NA;NA;0.111854358893024;NA;NA;NA
"225";"FASY";2005;1.47700989630143;NA;NA;NA;1.2593481461841;NA;NA;NA;0.100100619773706;NA;NA;NA;0.306004132275583;NA;NA;NA;0.0677724773709145;NA;NA;NA;0.242986129929832;NA;NA;NA
"226";"FASY";2006;1.34527149099259;NA;NA;NA;0.964271153895628;NA;NA;NA;0.156033093988909;NA;NA;NA;0.0645680722315549;NA;NA;NA;0.115986323231888;NA;NA;NA;0.0669604933951428;NA;NA;NA
"227";"FASY";2007;1.36191058043595;NA;NA;NA;0.888340141382275;NA;NA;NA;0.278247115230989;NA;NA;NA;0.0435732607716415;NA;NA;NA;0.204306449504139;NA;NA;NA;0.0490501990643366;NA;NA;NA
"228";"FASY";2008;1.40570528481328;NA;NA;NA;1.00272754982856;NA;NA;NA;0.27608137467966;NA;NA;NA;0.0816015945296857;NA;NA;NA;0.196400609475073;NA;NA;NA;0.0813796275405394;NA;NA;NA
"229";"FASY";2009;1.38277492950631;NA;NA;NA;1.21727209161974;NA;NA;NA;0.152316338516252;NA;NA;NA;0.143084524706409;NA;NA;NA;0.110152661337759;NA;NA;NA;0.117545227309053;NA;NA;NA
"230";"FASY";2010;1.20626815926736;NA;NA;NA;0.903271216757992;NA;NA;NA;0.185180622706926;NA;NA;NA;0.0537066023961539;NA;NA;NA;0.153515303611593;NA;NA;NA;0.0594578919373927;NA;NA;NA
"231";"FASY";2011;1.13383152140869;NA;NA;NA;0.911499101636666;NA;NA;NA;0.307154120557605;NA;NA;NA;0.117921309299039;NA;NA;NA;0.270899260390991;NA;NA;NA;0.129370735623658;NA;NA;NA
"232";"FASY";2012;1.18706648565671;NA;NA;NA;1.04664964194979;NA;NA;NA;0.327859268258324;NA;NA;NA;0.0795616433804338;NA;NA;NA;0.276192843635836;NA;NA;NA;0.0760155454046875;NA;NA;NA
"233";"FASY";2013;1.1947518433848;NA;NA;NA;0.944068073808057;NA;NA;NA;0.554371261800882;NA;NA;NA;0.195613107759021;NA;NA;NA;0.464005362176564;NA;NA;NA;0.207202333376218;NA;NA;NA
"234";"FASY";2014;1.16640904335134;NA;NA;NA;1.08063732478604;NA;NA;NA;0.424216130540086;NA;NA;NA;0.144910010522645;NA;NA;NA;0.363694137110959;NA;NA;NA;0.134096803061412;NA;NA;NA
"235";"FASY";2015;1.09959499099778;NA;NA;NA;0.839991012528445;NA;NA;NA;0.582355917271211;NA;NA;NA;0.0828529118985374;NA;NA;NA;0.529609467157336;NA;NA;NA;0.0986354742643531;NA;NA;NA
"236";"FASY";2016;1.17217198510551;NA;NA;NA;1.01777177344846;NA;NA;NA;0.301033071295999;NA;NA;NA;0.166531259269212;NA;NA;NA;0.25681646987059;NA;NA;NA;0.163623381600536;NA;NA;NA
"237";"FASY";2017;1.30687286531956;NA;NA;NA;1.22556799606955;NA;NA;NA;0.129889871714887;NA;NA;NA;0.0535287154157733;NA;NA;NA;0.0993898298463221;NA;NA;NA;0.043676658975628;NA;NA;NA
"238";"FASY";2018;1.06355705778257;NA;NA;NA;0.856041508744656;NA;NA;NA;0.118698992221125;NA;NA;NA;0.0560818370215432;NA;NA;NA;0.111605664550432;NA;NA;NA;0.0655129879201589;NA;NA;NA
"239";"FASY";2019;1.09527168132616;NA;NA;NA;0.955899246656591;NA;NA;NA;0.537041052198352;NA;NA;NA;0.344030161228578;NA;NA;NA;0.490326794122989;NA;NA;NA;0.359902115659028;NA;NA;NA
"240";"FASY";2020;1.20920303877712;NA;NA;NA;1.17190993790839;NA;NA;NA;0.175644593582852;NA;NA;NA;0.111594368057565;NA;NA;NA;0.145256493698928;NA;NA;NA;0.0952243550871641;NA;NA;NA
"241";"QUSP";1961;1.29844565782262;NA;NA;NA;1.0643332217394;NA;NA;NA;0.458836191446526;NA;NA;NA;0.406338627220357;NA;NA;NA;0.353373426667663;NA;NA;NA;0.381777641551291;NA;NA;NA
"242";"QUSP";1962;1.04438656385786;NA;NA;NA;0.926487207898841;NA;NA;NA;0.217813204863362;NA;NA;NA;0.12525687278009;NA;NA;NA;0.208556115523722;NA;NA;NA;0.135195469200441;NA;NA;NA
"243";"QUSP";1963;1.27544144693751;NA;NA;NA;1.14526941413002;NA;NA;NA;0.324603445857855;NA;NA;NA;0.134870099668566;NA;NA;NA;0.254502820680062;NA;NA;NA;0.117762770929334;NA;NA;NA
"244";"QUSP";1964;0.892668847547157;NA;NA;NA;0.846231292436963;NA;NA;NA;0.0833827652188761;NA;NA;NA;0.00619605987575159;NA;NA;NA;0.0934083960115694;NA;NA;NA;0.00732194605792499;NA;NA;NA
"245";"QUSP";1965;1.15114590382512;NA;NA;NA;0.984762464491711;NA;NA;NA;0.306516237493539;NA;NA;NA;0.173349645771875;NA;NA;NA;0.266270536580135;NA;NA;NA;0.17603193868823;NA;NA;NA
"246";"QUSP";1966;1.04008428779585;NA;NA;NA;1.01932129119684;NA;NA;NA;0.308434290396927;NA;NA;NA;0.0919182178233058;NA;NA;NA;0.296547399106049;NA;NA;NA;0.0901759029435945;NA;NA;NA
"247";"QUSP";1967;1.5681485953877;NA;NA;NA;1.36245816012287;NA;NA;NA;0.104808881763205;NA;NA;NA;0.215332894869768;NA;NA;NA;0.0668360651990973;NA;NA;NA;0.158047344991753;NA;NA;NA
"248";"QUSP";1968;1.0009164873356;NA;NA;NA;0.769645048387373;NA;NA;NA;0.0936902803761846;NA;NA;NA;0.171924608013066;NA;NA;NA;0.0936044930437547;NA;NA;NA;0.223381685327928;NA;NA;NA
"249";"QUSP";1969;1.30759661940105;NA;NA;NA;1.18700293303311;NA;NA;NA;0.20103426840867;NA;NA;NA;0.314861637213444;NA;NA;NA;0.153743337529241;NA;NA;NA;0.265257674139767;NA;NA;NA
"250";"QUSP";1970;1.0307833639716;NA;NA;NA;0.866453140880708;NA;NA;NA;0.207357527078204;NA;NA;NA;0.0459499515080148;NA;NA;NA;0.201164991913778;NA;NA;NA;0.0530322406833322;NA;NA;NA
"251";"QUSP";1971;0.967236101260037;NA;NA;NA;1.00959609179644;NA;NA;NA;0.171349355166421;NA;NA;NA;0.0203913343586119;NA;NA;NA;0.177153597702982;NA;NA;NA;0.0201975171301706;NA;NA;NA
"252";"QUSP";1972;1.12922407861885;NA;NA;NA;1.04709710728459;NA;NA;NA;0.308402947607316;NA;NA;NA;0.166876907835263;NA;NA;NA;0.273110495469175;NA;NA;NA;0.15937099498634;NA;NA;NA
"253";"QUSP";1973;0.960146437613579;NA;NA;NA;0.939958549253568;NA;NA;NA;0.0591664029850286;NA;NA;NA;0.220786387576686;NA;NA;NA;0.0616222699654912;NA;NA;NA;0.234889493533534;NA;NA;NA
"254";"QUSP";1974;1.10343104153555;NA;NA;NA;0.934979604626884;NA;NA;NA;0.0630627515449696;NA;NA;NA;0.0430307841579234;NA;NA;NA;0.0571515112147021;NA;NA;NA;0.0460232329614242;NA;NA;NA
"255";"QUSP";1975;1.09615574043136;NA;NA;NA;1.11752134194817;NA;NA;NA;0.00428023335451196;NA;NA;NA;0.00888816776938591;NA;NA;NA;0.00390476754044787;NA;NA;NA;0.00795346579591154;NA;NA;NA
"256";"QUSP";1976;0.81170467712987;NA;NA;NA;0.744350069840895;NA;NA;NA;0.0651766581630322;NA;NA;NA;0.00879486971192301;NA;NA;NA;0.0802960239104352;NA;NA;NA;0.0118155019637506;NA;NA;NA
"257";"QUSP";1977;0.999355018380468;NA;NA;NA;1.07177272154339;NA;NA;NA;0.217983749325387;NA;NA;NA;0.149192238843407;NA;NA;NA;0.218124435577105;NA;NA;NA;0.139201377161909;NA;NA;NA
"258";"QUSP";1978;0.784247334148045;NA;NA;NA;0.895217712002962;NA;NA;NA;0.0483699571149879;NA;NA;NA;0.0606493406859233;NA;NA;NA;0.0616769162084993;NA;NA;NA;0.0677481464818501;NA;NA;NA
"259";"QUSP";1979;0.939523794368513;NA;NA;NA;0.987853502517647;NA;NA;NA;0.105434035698337;NA;NA;NA;0.182034735373269;NA;NA;NA;0.112220718975195;NA;NA;NA;0.184273006988723;NA;NA;NA
"260";"QUSP";1980;1.26418744888211;NA;NA;NA;1.37095760582251;NA;NA;NA;0.250132637028101;NA;NA;NA;0.344439424483408;NA;NA;NA;0.197860402149449;NA;NA;NA;0.251240025964743;NA;NA;NA
"261";"QUSP";1981;1.37872897113645;NA;NA;NA;1.20344541526066;NA;NA;NA;0.0388943144477978;NA;NA;NA;0.0394482313119587;NA;NA;NA;0.0282102684878944;NA;NA;NA;0.032779410525582;NA;NA;NA
"262";"QUSP";1982;1.62454453606723;NA;NA;NA;1.50764452479014;NA;NA;NA;0.0917780346325119;NA;NA;NA;0.0161026224259904;NA;NA;NA;0.056494625167182;NA;NA;NA;0.0106806492918029;NA;NA;NA
"263";"QUSP";1983;1.12520192041819;NA;NA;NA;0.84354275171184;NA;NA;NA;0.28086344203702;NA;NA;NA;0.42053911222297;NA;NA;NA;0.249611591431194;NA;NA;NA;0.498539180580417;NA;NA;NA
"264";"QUSP";1984;1.16874643348641;NA;NA;NA;1.03828231785615;NA;NA;NA;0.0614101995077129;NA;NA;NA;0.0380275181670831;NA;NA;NA;0.0525436465500255;NA;NA;NA;0.0366254124847301;NA;NA;NA
"265";"QUSP";1985;1.11222245248651;NA;NA;NA;1.1550485886289;NA;NA;NA;0.288242832356437;NA;NA;NA;0.154069851947541;NA;NA;NA;0.259159336077091;NA;NA;NA;0.133388199824935;NA;NA;NA
"266";"QUSP";1986;1.08580224308729;NA;NA;NA;1.03835365018491;NA;NA;NA;0.212104058530199;NA;NA;NA;0.000532655475883843;NA;NA;NA;0.195343175868856;NA;NA;NA;0.000512980790108443;NA;NA;NA
"267";"QUSP";1987;1.09224606262708;NA;NA;NA;0.94571114969022;NA;NA;NA;0.115175774144942;NA;NA;NA;0.042137733093843;NA;NA;NA;0.105448559702674;NA;NA;NA;0.0445566631075945;NA;NA;NA
"268";"QUSP";1988;1.14966313232144;NA;NA;NA;1.01043079426657;NA;NA;NA;0.41526522167656;NA;NA;NA;0.42890509885299;NA;NA;NA;0.361206000263784;NA;NA;NA;0.424477461778382;NA;NA;NA
"269";"QUSP";1989;1.05096169806976;NA;NA;NA;0.862920053611082;NA;NA;NA;0.35130720946379;NA;NA;NA;0.184426336017836;NA;NA;NA;0.334272133902706;NA;NA;NA;0.213723548602287;NA;NA;NA
"270";"QUSP";1990;0.980535608841544;NA;NA;NA;0.964289185809833;NA;NA;NA;0.0625315602216225;NA;NA;NA;0.203932749040168;NA;NA;NA;0.0637728601162181;NA;NA;NA;0.211485052452289;NA;NA;NA
"271";"QUSP";1991;1.19223901392805;NA;NA;NA;1.15256556695134;NA;NA;NA;0.126565360066769;NA;NA;NA;0.0831605525778748;NA;NA;NA;0.10615770712768;NA;NA;NA;0.0721525568370424;NA;NA;NA
"272";"QUSP";1992;0.942041516619714;NA;NA;NA;0.911451027635385;NA;NA;NA;0.0572652041595795;NA;NA;NA;0.245581895372286;NA;NA;NA;0.0607884081001671;NA;NA;NA;0.269440582023819;NA;NA;NA
"273";"QUSP";1993;0.770115509451463;NA;NA;NA;0.749670946240121;NA;NA;NA;0.13590383248598;NA;NA;NA;0.0373631522604581;NA;NA;NA;0.176472010780281;NA;NA;NA;0.0498394028044547;NA;NA;NA
"274";"QUSP";1994;1.04688318937435;NA;NA;NA;1.12146009692901;NA;NA;NA;0.0967457126206038;NA;NA;NA;0.046518227965617;NA;NA;NA;0.0924130921219794;NA;NA;NA;0.0414800563060619;NA;NA;NA
"275";"QUSP";1995;1.11927612483854;NA;NA;NA;1.11818414679102;NA;NA;NA;0.304322485001417;NA;NA;NA;0.137849976056824;NA;NA;NA;0.271892233067436;NA;NA;NA;0.123280209661733;NA;NA;NA
"276";"QUSP";1996;0.759005947836787;NA;NA;NA;0.707692718157502;NA;NA;NA;0.022896633245605;NA;NA;NA;0.294244350787748;NA;NA;NA;0.0301666058228684;NA;NA;NA;0.415779819741288;NA;NA;NA
"277";"QUSP";1997;1.09947146116869;NA;NA;NA;1.21935328261843;NA;NA;NA;0.069411620599647;NA;NA;NA;0.00210207184446105;NA;NA;NA;0.0631318074648938;NA;NA;NA;0.00172392355392448;NA;NA;NA
"278";"QUSP";1998;0.747539006515042;NA;NA;NA;0.810288013736418;NA;NA;NA;0.194532388196968;NA;NA;NA;0.285684469225521;NA;NA;NA;0.260230418080603;NA;NA;NA;0.352571510848552;NA;NA;NA
"279";"QUSP";1999;0.928419576302558;NA;NA;NA;1.04835541942375;NA;NA;NA;0.0990019829430912;NA;NA;NA;0.32149282384725;NA;NA;NA;0.106634958449894;NA;NA;NA;0.306663959465164;NA;NA;NA
"280";"QUSP";2000;0.706291047741867;NA;NA;NA;0.797820594585819;NA;NA;NA;0.0919567142571571;NA;NA;NA;0.13005101015812;NA;NA;NA;0.130196630059461;NA;NA;NA;0.16300783790325;NA;NA;NA
"281";"QUSP";2001;1.06283631408538;NA;NA;NA;1.22230278410324;NA;NA;NA;0.0944866866632505;NA;NA;NA;0.0693289532494565;NA;NA;NA;0.0889005065136121;NA;NA;NA;0.0567199503683703;NA;NA;NA
"282";"QUSP";2002;1.11025201449372;NA;NA;NA;1.05985637281569;NA;NA;NA;0.235543572979712;NA;NA;NA;0.0706324740699738;NA;NA;NA;0.21215324980709;NA;NA;NA;0.066643439509003;NA;NA;NA
"283";"QUSP";2003;0.933186730204239;NA;NA;NA;1.00442331418094;NA;NA;NA;0.0376820975405453;NA;NA;NA;0.0437454069021056;NA;NA;NA;0.0403800186188868;NA;NA;NA;0.0435527593639917;NA;NA;NA
"284";"QUSP";2004;0.799284129070503;NA;NA;NA;0.795660595648205;NA;NA;NA;0.119911968791607;NA;NA;NA;0.056565760827687;NA;NA;NA;0.150024208451448;NA;NA;NA;0.0710928266864897;NA;NA;NA
"285";"QUSP";2005;0.780359364626777;NA;NA;NA;0.993595999619742;NA;NA;NA;0.184377159224604;NA;NA;NA;0.152217509073942;NA;NA;NA;0.236272117158209;NA;NA;NA;0.153198592921265;NA;NA;NA
"286";"QUSP";2006;0.821031047079262;NA;NA;NA;0.976022881284808;NA;NA;NA;0.0275376490616672;NA;NA;NA;0.0251841668530791;NA;NA;NA;0.0335403261053644;NA;NA;NA;0.0258028447242214;NA;NA;NA
"287";"QUSP";2007;0.804501910792363;NA;NA;NA;0.964985277302628;NA;NA;NA;0.357654704743694;NA;NA;NA;0.391582222671325;NA;NA;NA;0.444566631782684;NA;NA;NA;0.405790877728097;NA;NA;NA
"288";"QUSP";2008;0.879217051199476;NA;NA;NA;1.0190795386326;NA;NA;NA;0.0953922469217397;NA;NA;NA;0.0735574060321858;NA;NA;NA;0.108496811784531;NA;NA;NA;0.0721802403479568;NA;NA;NA
"289";"QUSP";2009;1.13125688163763;NA;NA;NA;1.22504015409973;NA;NA;NA;0.0740322196809698;NA;NA;NA;0.129206676093162;NA;NA;NA;0.0654424480263045;NA;NA;NA;0.105471380395784;NA;NA;NA
"290";"QUSP";2010;0.882372221696004;NA;NA;NA;0.951478831223362;NA;NA;NA;0.105199082893293;NA;NA;NA;0.115727983760916;NA;NA;NA;0.119223022106352;NA;NA;NA;0.121629593810426;NA;NA;NA
"291";"QUSP";2011;0.884557147264823;NA;NA;NA;0.933110104649526;NA;NA;NA;0.0513244363534801;NA;NA;NA;0.111730542534995;NA;NA;NA;0.058022747893884;NA;NA;NA;0.119739934203114;NA;NA;NA
"292";"QUSP";2012;0.679960596047235;NA;NA;NA;0.847248972813521;NA;NA;NA;0.21431903006856;NA;NA;NA;0.294895998406768;NA;NA;NA;0.315193308721778;NA;NA;NA;0.348062975429153;NA;NA;NA
"293";"QUSP";2013;0.667462168319053;NA;NA;NA;0.887586039212237;NA;NA;NA;0.0568598006820256;NA;NA;NA;0.136273833111464;NA;NA;NA;0.0851880501710265;NA;NA;NA;0.153533096613835;NA;NA;NA
"294";"QUSP";2014;0.682935180180504;NA;NA;NA;0.840193799384307;NA;NA;NA;0.0988694163245843;NA;NA;NA;0.00246628266565637;NA;NA;NA;0.144771303622772;NA;NA;NA;0.00293537356198493;NA;NA;NA
"295";"QUSP";2015;0.708475139353237;NA;NA;NA;0.930430110734784;NA;NA;NA;0.0295140564322667;NA;NA;NA;0.0216488249840645;NA;NA;NA;0.0416585632901811;NA;NA;NA;0.0232675455515599;NA;NA;NA
"296";"QUSP";2016;0.913084054515248;NA;NA;NA;1.01580826382603;NA;NA;NA;0.443214062306145;NA;NA;NA;0.339870770645214;NA;NA;NA;0.48540335373773;NA;NA;NA;0.334581616185218;NA;NA;NA
"297";"QUSP";2017;0.740126286392342;NA;NA;NA;0.891301346350942;NA;NA;NA;0.277536179582483;NA;NA;NA;0.155152458187483;NA;NA;NA;0.374984897422439;NA;NA;NA;0.174074075869726;NA;NA;NA
"298";"QUSP";2018;0.747479710043453;NA;NA;NA;0.915816726130861;NA;NA;NA;0.140944600480805;NA;NA;NA;0.0482287502481138;NA;NA;NA;0.188559767692706;NA;NA;NA;0.0526620107189683;NA;NA;NA
"299";"QUSP";2019;0.65983296092991;NA;NA;NA;0.893556708633377;NA;NA;NA;0.059595917365699;NA;NA;NA;0.0248851585508605;NA;NA;NA;0.090319703462085;NA;NA;NA;0.0278495570683145;NA;NA;NA
"300";"QUSP";2020;0.765900328391391;NA;NA;NA;1.05277130852653;NA;NA;NA;0.0740231845817547;NA;NA;NA;0.109057383642378;NA;NA;NA;0.0966485870781966;NA;NA;NA;0.103590763501159;NA;NA;NA
