"site_code";"species";"elevation";"coord_x";"coord_y";"management_type";"site_category";"sample_depth";"year";"max_cambial_age";"cambial_age_range";"cambial_age";"cv_TRW";"sd_RWI";"cv_RWI";"mid_TRW";"mean_temp";"resid_temp";"mean_cwb";"last5";"normal_temp";"normal_cwb";"max_age";"max_range";"median_age";"median_range";"sox";"sothf";"nox";"nh";"nsum";"pH_FH";"C.N_FH";"pH_L1";"C.N_L1";"resid_cwb";"log_cv_TRW";"log_sd_RWI";"log_cv_RWI"
"P800052QURO";"QUSP";370;16.3904883;49.26121;"Managed";"moderate";7;1961;70;12;66;0.184114628923831;0.43833947094011;0.251817635501696;2.57714285714286;14.3397086461385;-0.410809890429187;-21.7389549263664;1.69271428571429;14.6553661391052;-31.7908381371492;126;12;94;12;8.48638153076172;44.9930763244629;3.45952987670898;4.9116530418396;8.37118244171143;5.218;19.1;4.98;15.3;-10.0518832107828;-1.69219673206499;-0.824761620991673;-1.37905012208933
"P800052QURO";"QUSP";370;16.3904883;49.26121;"Managed";"moderate";7;1962;71;12;67;0.272549622310276;0.472532865703524;0.380649408295015;1.79928571428571;13.2753143310547;-1.47520420551301;-36.1538527061036;2.02;14.6553661391052;-31.7908381371492;126;12;94;12;8.59450435638428;45.8565902709961;3.50644469261169;4.86199998855591;8.36844444274902;5.218;19.1;4.98;15.3;4.36301456895439;-1.29993458123587;-0.749647977422823;-0.965876515690561
"P800052QURO";"QUSP";370;16.3904883;49.26121;"Managed";"moderate";7;1963;72;12;68;0.244353809818716;0.33525659244944;0.225135691451698;2.22142857142857;14.8437520662943;0.0932335297266444;-25.228990004001;2.116;14.6553661391052;-31.7908381371492;126;12;94;12;7.98262977600098;42.8317794799805;3.26079177856445;4.47389078140259;7.73468255996704;5.218;19.1;4.98;15.3;-6.56184813314821;-1.40913806374146;-1.09285909273497;-1.49105198543457
"P800052QURO";"QUSP";370;16.3904883;49.26121;"Managed";"moderate";7;1964;73;12;69;0.25679725069412;0.388274730773161;0.36362056422492;1.56;14.5150272051493;-0.235491331418359;-36.0644353910019;2.22128571428571;14.6553661391052;-31.7908381371492;126;12;94;12;8.22545433044434;44.2737197875977;3.35913991928101;4.61570167541504;7.97484159469604;5.218;19.1;4.98;15.3;4.2735972538527;-1.35946841324342;-0.946042120918458;-1.01164436100386
"P800052QURO";"QUSP";370;16.3904883;49.26121;"Managed";"moderate";7;1965;74;12;70;0.198013821482942;0.37597165083198;0.273103273089977;2.02714285714286;12.8468369642893;-1.90368157227834;0.0760889432779817;2.15157142857143;14.6553661391052;-31.7908381371492;126;12;94;12;9.84362411499023;52.8905906677246;4.04556274414062;5.55370712280273;9.59926986694336;5.218;19.1;4.98;15.3;-31.8669270804272;-1.61941844525449;-0.978241535158176;-1.29790526562381
"P800052QURO";"QUSP";370;16.3904883;49.26121;"Managed";"moderate";7;1966;75;12;71;0.36956160776785;0.522628095360615;0.3859084894686;2.00357142857143;13.9245052337647;-0.826013302803016;-7.94063258057159;2.037;14.6553661391052;-31.7908381371492;126;12;94;12;10.2048740386963;54.9232482910156;4.15718460083008;5.79279232025146;9.94997692108154;5.218;19.1;4.98;15.3;-23.8502055565776;-0.995437819696984;-0.648885166604717;-0.952155011539313
"P800052QURO";"QUSP";370;16.3904883;49.26121;"Managed";"moderate";7;1967;76;12;72;0.274652086896267;0.255152926528719;0.166819522860343;2.325;14.4297930399577;-0.320725496610002;-31.9018359163556;1.92228571428571;14.6553661391052;-31.7908381371492;126;12;94;12;7.93456697463989;42.6349639892578;3.22857284545898;4.62104463577271;7.84961748123169;5.218;19.1;4.98;15.3;0.110997779206397;-1.29225012083801;-1.36589220170169;-1.79084275237931
"P800052QURO";"QUSP";370;16.3904883;49.26121;"Managed";"moderate";7;1968;77;12;73;0.238064815701798;0.266443036620735;0.272917451630073;1.44642857142857;14.1176934242249;-0.632825112342831;-34.1634007957026;2.02742857142857;14.6553661391052;-31.7908381371492;126;12;94;12;8.25743579864502;44.5846176147461;3.37353801727295;4.63561964035034;8.00915813446045;5.218;19.1;4.98;15.3;2.3725626585534;-1.43521230750557;-1.32259480448688;-1.29858590450313
"P800052QURO";"QUSP";370;16.3904883;49.26121;"Managed";"moderate";7;1969;78;12;74;0.21603353078979;0.476240883076433;0.310799393972658;2.24142857142857;14.2684541543325;-0.482064382235219;-38.9034212001006;1.87242857142857;14.6553661391052;-31.7908381371492;126;12;94;12;7.9503002166748;43.179443359375;3.2306113243103;4.51493167877197;7.74554300308228;5.218;19.1;4.98;15.3;7.1125830629514;-1.53232164820778;-0.741831495871056;-1.16860761038547
"P800052QURO";"QUSP";370;16.3904883;49.26121;"Managed";"moderate";7;1970;79;12;75;0.183405891566041;0.217504358698361;0.186758131905125;1.73285714285714;13.4769198099772;-1.27359872659048;-28.9357493142033;2.00871428571429;14.6553661391052;-31.7908381371492;126;12;94;12;10.2941255569458;56.1154708862305;4.22952938079834;6.01404666900635;10.2435760498047;5.218;19.1;4.98;15.3;-2.85508882294591;-1.69605359554248;-1.52553638866173;-1.67794091157922
"P800052QURO";"QUSP";370;16.3904883;49.26121;"Managed";"moderate";7;1971;80;12;76;0.172526886051631;0.354126129522275;0.300834839426413;1.72;14.3262780507406;-0.424240485827125;-42.9320437353245;1.94985714285714;14.6553661391052;-31.7908381371492;126;12;94;12;7.29113626480103;40.45166015625;2.87086200714111;4.2557168006897;7.12657880783081;5.218;19.1;4.98;15.3;11.1412055981753;-1.75720219348694;-1.03810213122193;-1.20119387105215
"P800052QURO";"QUSP";370;16.3904883;49.26121;"Managed";"moderate";7;1972;81;12;77;0.17164188675134;0.358002316932192;0.250769092146639;2.10428571428571;13.6384420394898;-1.11207649707793;-7.1161025671559;1.89314285714286;14.6553661391052;-31.7908381371492;126;12;94;12;9.87491130828857;54.8768157958984;3.90147948265076;5.8363938331604;9.73787307739258;5.218;19.1;4.98;15.3;-24.6747355699933;-1.76234502642715;-1.02721582072475;-1.38322271487255
"P800052QURO";"QUSP";370;16.3904883;49.26121;"Managed";"moderate";7;1973;82;12;78;0.171768733108294;0.233019010498501;0.237448265080401;1.44428571428571;13.8245139122009;-0.92600462436676;-35.6243194442172;1.849;14.6553661391052;-31.7908381371492;126;12;94;12;7.49695682525635;41.6103401184082;2.99451541900635;4.54497814178467;7.53949356079102;5.218;19.1;4.98;15.3;3.83348130706799;-1.76160628187246;-1.45663523862241;-1.43780551047653
"P800052QURO";"QUSP";370;16.3904883;49.26121;"Managed";"moderate";7;1974;83;12;79;0.196285711716043;0.186775254992427;0.175690605815067;1.58785714285714;13.4637060960134;-1.2868124405543;-22.0303594171752;1.84857142857143;14.6553661391052;-31.7908381371492;126;12;94;12;10.0800752639771;56.0349998474121;4.02189016342163;6.1157283782959;10.1376190185547;5.218;19.1;4.98;15.3;-9.760478719974;-1.62818396834664;-1.67784922988267;-1.73903075240651
"P800052QURO";"QUSP";370;16.3904883;49.26121;"Managed";"moderate";7;1975;84;12;80;0.122617548505902;0.170832033403531;0.154449309226339;1.64642857142857;14.6884032885234;-0.0621152480443286;-31.7079154587304;1.71785714285714;14.6553661391052;-31.7908381371492;126;12;94;12;9.03241062164307;50.3810577392578;3.61114501953125;5.48584651947021;9.09699153900146;5.218;19.1;4.98;15.3;-0.0829226784188037;-2.09868512945957;-1.76707446601182;-1.86788933210188
"P800052QURO";"QUSP";370;16.3904883;49.26121;"Managed";"moderate";7;1976;85;12;81;0.197617881529355;0.213256234740281;0.271708899428155;1.15571428571429;13.8717523415883;-0.878766194979359;-49.3981353698793;1.70057142857143;14.6553661391052;-31.7908381371492;126;12;94;12;8.05348014831543;45.0464210510254;3.22326612472534;4.94579267501831;8.16905879974365;5.218;19.1;4.98;15.3;17.6072972327301;-1.62142000419306;-1.54526085627206;-1.30302400847398
"P800052QURO";"QUSP";370;16.3904883;49.26121;"Managed";"moderate";7;1977;86;12;82;0.143722564927574;0.223436430808976;0.196430870072068;1.68214285714286;13.1927418708801;-1.55777666568756;-24.3460367631236;1.58771428571429;14.6553661391052;-31.7908381371492;126;12;94;12;10.5451889038086;59.1399116516113;4.22418546676636;6.63644170761108;10.8606271743774;5.218;19.1;4.98;15.3;-7.44480137402561;-1.93987047019711;-1.49862833129586;-1.62744471582018
"P800052QURO";"QUSP";370;16.3904883;49.26121;"Managed";"moderate";7;1978;87;12;83;0.199838384348367;0.251907107286072;0.30209431909467;1.21928571428571;12.5457817713419;-2.20473676522574;-29.1832215340718;1.50328571428571;14.6553661391052;-31.7908381371492;126;12;94;12;7.48435831069946;42.0435371398926;3.00639486312866;4.77984142303467;7.78623676300049;5.218;19.1;4.98;15.3;-2.6076166030774;-1.6102463173635;-1.37869488130913;-1.1970159954844
"P800052QURO";"QUSP";370;16.3904883;49.26121;"Managed";"moderate";7;1979;88;12;84;0.165526676864581;0.195860588113342;0.22645512217413;1.27785714285714;13.732131322225;-1.01838721434273;-19.97350255512;1.45828571428571;14.6553661391052;-31.7908381371492;126;12;94;12;11.5290832519531;64.7948379516602;4.60686063766479;7.34813165664673;11.9549922943115;5.218;19.1;4.98;15.3;-11.8173355820292;-1.79862290764057;-1.63035215797092;-1.48520848978715
"P800052QURO";"QUSP";370;16.3904883;49.26121;"Managed";"moderate";7;1980;89;12;85;0.190335255368795;0.377268333377437;0.263004259732229;2.105;12.4904096126556;-2.26010892391204;-22.3673064584187;1.39628571428571;14.6553661391052;-31.7908381371492;126;12;94;12;8.97081851959229;50.3373374938965;3.63302636146545;5.89205408096313;9.52508068084717;5.218;19.1;4.98;15.3;-9.42353167873051;-1.65896825978536;-0.974798585093028;-1.33558505023505
"P800052QURO";"QUSP";370;16.3904883;49.26121;"Managed";"moderate";7;1981;90;12;86;0.195974529901206;0.151733780380675;0.107328230865432;2.13642857142857;14.0236031214396;-0.726915415128074;-26.6762124643178;1.488;14.6553661391052;-31.7908381371492;126;12;94;12;11.0712614059448;62.1380500793457;4.46383094787598;7.18717908859253;11.6510105133057;5.218;19.1;4.98;15.3;-5.11462567283141;-1.62977057767943;-1.88562773857264;-2.23186356175665
"P800052QURO";"QUSP";370;16.3904883;49.26121;"Managed";"moderate";7;1982;91;12;87;0.244494628686992;0.607697351974232;0.345167439991177;2.57142857142857;14.6208377679189;-0.129680768648786;-33.3528815604284;1.68414285714286;14.6553661391052;-31.7908381371492;126;12;94;12;8.88571643829346;49.8832588195801;3.57146239280701;5.7538423538208;9.32530498504639;5.218;19.1;4.98;15.3;1.5620434232792;-1.40856193886888;-0.498078297305921;-1.06372564637914
"P800052QURO";"QUSP";370;16.3904883;49.26121;"Managed";"moderate";7;1983;92;12;88;0.262136154373783;0.276183611875237;0.290097886819889;1.41357142857143;15.3491954803467;0.59867694377898;-52.3347330990498;1.862;14.6553661391052;-31.7908381371492;126;12;94;12;7.6168007850647;42.7697105407715;3.06667733192444;4.97492790222168;8.04160499572754;5.218;19.1;4.98;15.3;20.5438949619006;-1.33889123702201;-1.28668937403508;-1.23753687219745
"P800052QURO";"QUSP";370;16.3904883;49.26121;"Managed";"moderate";7;1984;93;12;89;0.183654953068205;0.311415722075788;0.255139901808829;1.80142857142857;13.0268628597259;-1.72365567684175;-16.3671489376028;1.90085714285714;14.6553661391052;-31.7908381371492;126;12;94;12;10.5467720031738;59.2357788085938;4.24916887283325;6.88428926467896;11.1334581375122;5.218;19.1;4.98;15.3;-15.4236891995464;-1.69469653692929;-1.16662653249518;-1.36594324972419
"P800052QURO";"QUSP";370;16.3904883;49.26121;"Managed";"moderate";7;1985;94;12;90;0.147303532435625;0.31583035842259;0.238679299831975;1.94642857142857;13.7524775664012;-0.998040970166521;-10.4791112741584;2.00557142857143;14.6553661391052;-31.7908381371492;126;12;94;12;11.8753795623779;66.2873764038086;4.88999605178833;7.82023239135742;12.7102279663086;5.218;19.1;4.98;15.3;-21.3117268629908;-1.91525997456807;-1.15255004998049;-1.43263446983359
"P800052QURO";"QUSP";370;16.3904883;49.26121;"Managed";"moderate";7;1986;95;12;91;0.223741563243945;0.391872679115484;0.305992129331188;1.87857142857143;14.3751262029012;-0.375392333666497;-28.1823299185892;1.97385714285714;14.6553661391052;-31.7908381371492;126;12;94;12;9.97472667694092;55.5136032104492;4.13847589492798;6.6522274017334;10.7907037734985;5.218;19.1;4.98;15.3;-3.60850821856;-1.49726362871038;-0.936818290124812;-1.18419589850046
"P800052QURO";"QUSP";370;16.3904883;49.26121;"Managed";"moderate";7;1987;96;12;92;0.247400680045252;0.360597889495918;0.306670728738668;1.72714285714286;13.9003397623698;-0.850178774197911;-11.980187979023;1.92228571428571;14.6553661391052;-31.7908381371492;126;12;94;12;11.0147018432617;61.2963600158691;4.56807994842529;7.22057580947876;11.7886562347412;5.218;19.1;4.98;15.3;-19.8106501581262;-1.39674607025933;-1.01999182098679;-1.18198065180793
"P800052QURO";"QUSP";370;16.3904883;49.26121;"Managed";"moderate";7;1988;97;12;93;0.351128819580232;0.219840061148787;0.253653227485602;1.32428571428571;14.6174842516581;-0.133034284909566;-28.2378439867363;1.75342857142857;14.6553661391052;-31.7908381371492;126;12;94;12;9.35092735290527;51.8520584106445;3.94375967979431;6.32768964767456;10.2714490890503;5.218;19.1;4.98;15.3;-3.5529941504129;-1.04660211549591;-1.51485499179687;-1.37178719088086
"P800052QURO";"QUSP";370;16.3904883;49.26121;"Managed";"moderate";7;1989;98;12;94;0.358649339233239;0.399481447731163;0.462714756001029;1.26214285714286;14.6190107663473;-0.131507770220431;-37.9232368229833;1.73557142857143;14.6553661391052;-31.7908381371492;126;12;94;12;6.94528961181641;38.403205871582;2.92781209945679;4.74565172195435;7.67346382141113;5.218;19.1;4.98;15.3;6.13239868583409;-1.02541013878351;-0.917587953574612;-0.770644492501339
"P800052QURO";"QUSP";370;16.3904883;49.26121;"Managed";"moderate";7;1990;99;12;95;0.256239276629501;0.325125196033768;0.341912766223128;1.38928571428571;14.0410054524739;-0.709513084093746;-29.9422722073852;1.62771428571429;14.6553661391052;-31.7908381371492;126;12;94;12;9.07255554199219;49.9245109558105;3.8050594329834;6.19407796859741;9.99913692474365;5.218;19.1;4.98;15.3;-1.848565929764;-1.36164359670465;-1.12354495226458;-1.07319964397831
"P800052QURO";"QUSP";370;16.3904883;49.26121;"Managed";"moderate";7;1991;100;12;96;0.258006037036757;0.416928763316843;0.324665334391895;1.88285714285714;13.9743045965831;-0.776213939984626;-25.8941384365531;1.51628571428571;14.6553661391052;-31.7908381371492;126;12;94;12;8.46644115447998;46.2448883056641;3.58736181259155;5.36119699478149;8.94855880737305;5.218;19.1;4.98;15.3;-5.89669970059611;-1.35477229496701;-0.874839903151154;-1.12496036753185
"P800052QURO";"QUSP";370;16.3904883;49.26121;"Managed";"moderate";7;1992;101;12;97;0.248572191468385;0.3152479575652;0.338895628517773;1.36;15.8870410919189;1.13652255535124;-55.1302776233692;1.51714285714286;14.6553661391052;-31.7908381371492;126;12;94;12;7.57747173309326;40.8300743103027;3.29661345481873;4.59073066711426;7.8873438835144;5.218;19.1;4.98;15.3;23.33943948622;-1.3920219667079;-1.15439578293621;-1.08206309948516
"P800052QURO";"QUSP";370;16.3904883;49.26121;"Managed";"moderate";7;1993;102;12;98;0.21729430999819;0.233391160961997;0.316182619489002;1.08285714285714;14.8949446678162;0.144426131248473;-44.0093514774767;1.44371428571429;14.6553661391052;-31.7908381371492;126;12;94;12;7.46879243850708;39.8639450073242;3.18291068077087;4.36331939697266;7.54623031616211;5.218;19.1;4.98;15.3;12.2185133403275;-1.52650257706861;-1.45503943061802;-1.15143532254545
"P800052QURO";"QUSP";370;16.3904883;49.26121;"Managed";"moderate";7;1994;103;12;99;0.271023529075359;0.294736458718139;0.305605801148439;1.41857142857143;15.8542326291402;1.10371409257251;-41.0368097147565;1.39542857142857;14.6553661391052;-31.7908381371492;126;12;94;12;7.00423097610474;36.7998504638672;2.91011738777161;3.9808669090271;6.89098405838013;5.218;19.1;4.98;15.3;9.2459715776073;-1.30554963871504;-1.22167368220393;-1.18545923905437
"P800052QURO";"QUSP";370;16.3904883;49.26121;"Managed";"moderate";7;1995;104;12;100;0.254677783316699;0.141586114905148;0.149456496121299;1.43928571428571;14.9109930992127;0.160474562644971;-17.2220120579589;1.42671428571429;14.6553661391052;-31.7908381371492;126;12;94;12;8.49440860748291;43.9682884216309;3.63675403594971;4.98984622955322;8.62660026550293;5.218;19.1;4.98;15.3;-14.5688260791903;-1.36775612766929;-1.95484716111004;-1.90074992434306
"P800052QURO";"QUSP";370;16.3904883;49.26121;"Managed";"moderate";7;1996;105;12;101;0.209906086712112;0.204862997661348;0.260734200044028;1.16214285714286;13.939378897349;-0.811139639218657;-11.6759474346016;1.43671428571429;14.6553661391052;-31.7908381371492;126;12;94;12;8.7195930480957;44.4067878723145;3.82698488235474;5.19975709915161;9.02674198150635;5.218;19.1;4.98;15.3;-20.1148907025476;-1.56109505442395;-1.58541382734944;-1.34425378120743
"P800052QURO";"QUSP";370;16.3904883;49.26121;"Managed";"moderate";7;1997;106;12;102;0.239934976989493;0.266318586638628;0.259801857155793;1.515;14.3458231290182;-0.404695407549532;-12.5738519565768;1.29257142857143;14.6553661391052;-31.7908381371492;126;12;94;12;8.43074131011963;41.2649917602539;3.98827004432678;5.27849864959717;9.26676845550537;5.218;19.1;4.98;15.3;-19.2169861805724;-1.42738732155854;-1.3230619927337;-1.34783602636552
"P800052QURO";"QUSP";370;16.3904883;49.26121;"Managed";"moderate";7;1998;107;12;103;0.330510473496584;0.344684361389937;0.483250633436264;1.02357142857143;15.4179207483927;0.667402211825063;-34.8768758983902;1.32357142857143;14.6553661391052;-31.7908381371492;126;12;94;12;5.55627584457397;25.2703018188477;2.99103355407715;3.83926916122437;6.83030271530151;5.218;19.1;4.98;15.3;3.086037761241;-1.107116930339;-1.06512617524413;-0.727219850110771
"P800052QURO";"QUSP";370;16.3904883;49.26121;"Managed";"moderate";7;1999;108;12;104;0.380060044714987;0.585963096491656;0.488864663002305;1.73285714285714;15.6506656010945;0.900147064526848;-39.9703355342525;1.31171428571429;14.6553661391052;-31.7908381371492;126;12;94;12;4.7669153213501;19.644983291626;2.89534282684326;3.72445273399353;6.61979532241821;5.218;19.1;4.98;15.3;8.17949739710329;-0.967426026336491;-0.534498466658362;-0.715669590589623
"P800052QURO";"QUSP";370;16.3904883;49.26121;"Managed";"moderate";7;2000;109;12;105;0.36878377145178;0.293280969174022;0.385361922002648;1.12642857142857;15.762400786082;1.01188224951428;-51.4769223149073;1.37457142857143;14.6553661391052;-31.7908381371492;126;12;94;12;4.81623935699463;18.9969520568848;2.91300702095032;3.91545963287354;6.82846689224243;5.218;19.1;4.98;15.3;19.6860841777581;-0.997544791923582;-1.22662419029302;-0.953572329121623
"P800052QURO";"QUSP";370;16.3904883;49.26121;"Managed";"moderate";7;2001;110;12;106;0.304173317306061;0.274915254952744;0.271522520856645;1.51285714285714;14.6151580015818;-0.135360534985853;-23.8978908087577;1.312;14.6553661391052;-31.7908381371492;126;12;94;12;5.19487428665161;20.3010196685791;3.2041232585907;4.31172561645508;7.5158486366272;5.218;19.1;4.98;15.3;-7.8929473283915;-1.19015761731682;-1.29129239261599;-1.30371019330005
"P800052QURO";"QUSP";370;16.3904883;49.26121;"Managed";"moderate";7;2002;111;12;107;0.238937366402718;0.177227374499406;0.186870229252026;1.42285714285714;15.6919859250387;0.941467388470976;-27.5477230855411;1.38214285714286;14.6553661391052;-31.7908381371492;126;12;94;12;5.58492994308472;20.7356605529785;3.57820773124695;4.81779813766479;8.39600563049316;5.218;19.1;4.98;15.3;-4.2431150516081;-1.43155382665632;-1.73032176911156;-1.67734086424921
"P800052QURO";"QUSP";370;16.3904883;49.26121;"Managed";"moderate";7;2003;112;12;108;0.18854269715543;0.257178441548185;0.271937377428289;1.39071428571429;16.5423456033071;1.79182706673939;-61.961824445335;1.36371428571429;14.6553661391052;-31.7908381371492;126;12;94;12;3.51207876205444;12.9815683364868;2.26706981658936;2.88223528862;5.14930486679077;5.218;19.1;4.98;15.3;30.1709863081858;-1.66843078763523;-1.35798510992885;-1.3021834692362
"P800052QURO";"QUSP";370;16.3904883;49.26121;"Managed";"moderate";7;2004;113;12;109;0.156007234687279;0.106983921404969;0.150278243323401;1.06214285714286;14.9163910547892;0.16587251822153;-47.123667564787;1.43714285714286;14.6553661391052;-31.7908381371492;126;12;94;12;4.23889017105103;15.3254632949829;2.80734205245972;3.45980286598206;6.26714468002319;5.218;19.1;4.98;15.3;15.3328294276378;-1.85785289660744;-2.23507672305476;-1.89526674770188
"P800052QURO";"QUSP";370;16.3904883;49.26121;"Managed";"moderate";7;2005;114;12;110;0.132095279174839;0.232855890021429;0.247066918736829;1.38428571428571;15.2939163843791;0.543397847811381;-22.8690460813832;1.303;14.6553661391052;-31.7908381371492;126;12;94;12;4.61136388778687;16.2286510467529;3.00703763961792;3.75530171394348;6.76233911514282;5.218;19.1;4.98;15.3;-8.92179205576601;-2.02423180484611;-1.45733551452719;-1.39809605298796
"P800052QURO";"QUSP";370;16.3904883;49.26121;"Managed";"moderate";7;2006;115;12;111;0.0913769413064178;0.126355186994887;0.147549212900725;1.27142857142857;15.8841547966003;1.13363626003265;-29.0435971752974;1.35457142857143;14.6553661391052;-31.7908381371492;126;12;94;12;4.7876124382019;16.5719623565674;3.16569018363953;3.93301892280579;7.09870910644531;5.218;19.1;4.98;15.3;-2.7472409618518;-2.3927621156504;-2.06865839339946;-1.9135935120654
"P800052QURO";"QUSP";370;16.3904883;49.26121;"Managed";"moderate";7;2007;116;12;112;0.209288678395508;0.154410968895596;0.277969032146729;0.815714285714286;16.1117849349976;1.36126639842987;-56.4906276504421;1.30628571428571;14.6553661391052;-31.7908381371492;126;12;94;12;3.88116049766541;13.1023712158203;2.62359166145325;3.28307318687439;5.90666484832764;5.218;19.1;4.98;15.3;24.6997895132929;-1.56404074370463;-1.86813760184491;-1.28024556665205
"P800052QURO";"QUSP";370;16.3904883;49.26121;"Managed";"moderate";7;2008;117;12;113;0.253621229712299;0.190444686196371;0.235019642973537;1.20714285714286;15.501789410909;0.751270874341323;-46.7010229182121;1.18485714285714;14.6553661391052;-31.7908381371492;126;12;94;12;3.1931517124176;9.54972171783447;2.31213450431824;2.91910529136658;5.23123979568481;5.218;19.1;4.98;15.3;14.9101847810629;-1.37191334654626;-1.65839348775225;-1.44808618120975
"P800052QURO";"QUSP";370;16.3904883;49.26121;"Managed";"moderate";7;2009;118;12;114;0.207942317972732;0.208789474925985;0.178861408600427;1.74714285714286;16.3663740158081;1.61585547924043;-30.7283263170024;1.14814285714286;14.6553661391052;-31.7908381371492;126;12;94;12;4.81751823425293;14.0826597213745;3.47059988975525;4.23144912719727;7.70204925537109;5.218;19.1;4.98;15.3;-1.06251182014681;-1.5704945551792;-1.56642883168675;-1.72114402665943
"P800052QURO";"QUSP";370;16.3904883;49.26121;"Managed";"moderate";7;2010;119;12;115;0.20053129444084;0.248668058562371;0.245052086549423;1.50285714285714;15.043262163798;0.292743627230319;-1.27958401930762;1.28514285714286;14.6553661391052;-31.7908381371492;126;12;94;12;5.39348173141479;15.8969383239746;3.82993268966675;4.69783020019531;8.52776336669922;5.218;19.1;4.98;15.3;-30.5112541178416;-1.60678496241584;-1.39163637002634;-1.40628449287229
"P800052QURO";"QUSP";370;16.3904883;49.26121;"Managed";"moderate";7;2011;120;12;116;0.219258619554611;0.174304210380623;0.203990235712563;1.27857142857143;15.8975219726562;1.14700343608856;-51.2617593017382;1.30885714285714;14.6553661391052;-31.7908381371492;126;12;94;12;2.78426218032837;8.04679489135742;1.93016386032104;2.41830348968506;4.3484673500061;5.218;19.1;4.98;15.3;19.470921164589;-1.51750333468455;-1.7469531708063;-1.58968315043755
"P800052QURO";"QUSP";370;16.3904883;49.26121;"Managed";"moderate";7;2012;121;12;117;0.291874862561522;0.240080391743909;0.428473963819486;0.809285714285714;16.0567987759908;1.30628023942312;-49.2208721863461;1.31028571428571;14.6553661391052;-31.7908381371492;126;12;94;12;3.17621397972107;8.48335647583008;2.2614369392395;2.93706607818604;5.19850301742554;5.218;19.1;4.98;15.3;17.4300340491969;-1.23143012144038;-1.42678144612898;-0.847525304005075
"P800052QURO";"QUSP";370;16.3904883;49.26121;"Managed";"moderate";7;2013;122;12;118;0.273750954071626;0.195150442421744;0.276534548040193;1.05714285714286;15.1649076143901;0.414389077822383;-36.1069791255714;1.309;14.6553661391052;-31.7908381371492;126;12;94;12;2.8805103302002;7.69356155395508;2.12388849258423;3.01156902313232;5.13545751571655;5.218;19.1;4.98;15.3;4.31614098842219;-1.29553651266435;-1.63398451827254;-1.28541951812093
"P800052QURO";"QUSP";370;16.3904883;49.26121;"Managed";"moderate";7;2014;123;12;119;0.232103219535694;0.165884619707633;0.277852126850086;0.877857142857143;15.4516512552897;0.701132718722015;-18.6619860220489;1.279;14.6553661391052;-31.7908381371492;126;12;94;12;2.61711025238037;6.99004554748535;2.07070922851562;3.05598115921021;5.12669038772583;5.218;19.1;4.98;15.3;-13.1288521151003;-1.46057309446795;-1.79646279429539;-1.28066622461541
"P800052QURO";"QUSP";370;16.3904883;49.26121;"Managed";"moderate";7;2015;124;12;120;0.297903602653323;0.210092171212216;0.286834598347704;1.1;16.2008234659831;1.45030492941541;-57.951934621025;1.10514285714286;14.6553661391052;-31.7908381371492;126;12;94;12;2.86854815483093;7.66161155700684;2.00488018989563;3.06449699401855;5.06937742233276;5.218;19.1;4.98;15.3;26.1610964838758;-1.21098532583712;-1.56020893402336;-1.24884954173166
"P800052QURO";"QUSP";370;16.3904883;49.26121;"Managed";"moderate";7;2016;125;12;121;0.286648871540659;0.166244102017295;0.275648989505017;0.905714285714286;15.9451591173808;1.19464058081309;-51.9994411804705;1.02457142857143;14.6553661391052;-31.7908381371492;126;12;94;12;2.06947159767151;5.52735614776611;1.88857710361481;3.12956690788269;5.01814413070679;5.218;19.1;4.98;15.3;20.2086030433213;-1.24949725635045;-1.79429807666318;-1.28862699981561
"P800052QURO";"QUSP";370;16.3904883;49.26121;"Managed";"moderate";7;2017;126;12;122;0.183855635999144;0.139368653253126;0.256548402032269;0.799285714285714;15.896031777064;1.14551324049632;-44.2548834207768;0.95;14.6553661391052;-31.7908381371492;126;12;94;12;2.0034167766571;5.35093021392822;1.85138034820557;3.1029634475708;4.95434379577637;5.218;19.1;4.98;15.3;12.4640452836276;-1.69360441628376;-1.97063267500191;-1.36043793029308
"P800060QUPE";"QUSP";505;15.4812108;49.6752183;"Managed";"acid";7;1961;30;15;23;0.161354772241842;0.155322016515249;0.161354772241842;1.325;13.7959752082825;0.0348067230648432;-16.2913711444824;1.816;13.673580139004;-16.44458418811;86;15;51;15;10.0607271194458;51.4481506347656;4.17615652084351;5.41460180282593;9.59075832366943;4.035;23.8;4.167;19.2;-0.153213043627641;-1.82414978396561;-1.8622547912307;-1.82414978396561
"P800060QUPE";"QUSP";505;15.4812108;49.6752183;"Managed";"acid";7;1962;31;15;24;0.132567449892788;0.161505470807092;0.132567449892787;1.80642857142857;12.6470516522725;-1.1141168329451;-13.4671715814605;1.73171428571429;13.673580139004;-16.44458418811;86;15;51;15;9.57793426513672;49.259464263916;3.98275995254517;5.03265285491943;9.01541233062744;4.035;23.8;4.167;19.2;-2.97741260664954;-2.02066370728618;-1.82321626192666;-2.02066370728619
"P800060QUPE";"QUSP";505;15.4812108;49.6752183;"Managed";"acid";7;1963;32;15;25;0.167710191254951;0.181769879245376;0.16771019125495;1.86642857142857;14.1339244842529;0.372755999035308;-12.7185219918725;1.70314285714286;13.673580139004;-16.44458418811;86;15;51;15;9.47356414794922;48.9687423706055;3.94773268699646;4.92636728286743;8.87409973144531;4.035;23.8;4.167;19.2;-3.72606219623754;-1.78551784124839;-1.70501379168383;-1.7855178412484
"P800060QUPE";"QUSP";505;15.4812108;49.6752183;"Managed";"acid";7;1964;33;15;26;0.140048625581865;0.117083752750293;0.140048625581865;1.58714285714286;13.5441659291585;-0.217002556059093;-13.0852878338111;1.63657142857143;13.673580139004;-16.44458418811;86;15;51;15;10.5720796585083;54.8011589050293;4.40612506866455;5.50108814239502;9.90721321105957;4.035;23.8;4.167;19.2;-3.35929635429894;-1.96576559109165;-2.1448657647998;-1.96576559109165
"P800060QUPE";"QUSP";505;15.4812108;49.6752183;"Managed";"acid";7;1965;34;15;27;0.146214691783866;0.138590672665827;0.146214691783866;1.665;12.3359967072805;-1.42517177793714;17.020212859882;1.63357142857143;13.673580139004;-16.44458418811;86;15;51;15;12.2957916259766;63.6359634399414;5.15975761413574;6.43481111526489;11.5945682525635;4.035;23.8;4.167;19.2;-33.464797047992;-1.92267924571763;-1.97623049127422;-1.92267924571763
"P800060QUPE";"QUSP";505;15.4812108;49.6752183;"Managed";"acid";7;1966;35;15;28;0.0986986654900778;0.0803470582919965;0.0986986654900778;1.44428571428571;13.1137660344442;-0.647402450773459;5.08114616156007;1.65;13.673580139004;-16.44458418811;86;15;51;15;12.1083507537842;62.7596740722656;5.0323805809021;6.37339878082275;11.4057788848877;4.035;23.8;4.167;19.2;-21.5257303496701;-2.31568385350465;-2.52139979864497;-2.31568385350465
"P800060QUPE";"QUSP";505;15.4812108;49.6752183;"Managed";"acid";7;1967;36;15;29;0.112085066637627;0.187281791979547;0.112085066637628;1.905;13.2426598866781;-0.518508598539565;-4.2404913465479;1.67385714285714;13.673580139004;-16.44458418811;86;15;51;15;11.4697713851929;59.3633193969727;4.75974559783936;6.19565486907959;10.9554004669189;4.035;23.8;4.167;19.2;-12.2040928415621;-2.18849717242885;-1.67514088739403;-2.18849717242884
"P800060QUPE";"QUSP";505;15.4812108;49.6752183;"Managed";"acid";7;1968;37;15;30;0.180934051890827;0.193229295782051;0.180934051890826;1.47;12.9153283437093;-0.845840141508308;-8.82672356834487;1.69357142857143;13.673580139004;-16.44458418811;86;15;51;15;10.3366165161133;53.7303199768066;4.31170845031738;5.3776216506958;9.68933010101318;4.035;23.8;4.167;19.2;-7.61786061976517;-1.70962266830375;-1.6438777342164;-1.70962266830376
"P800060QUPE";"QUSP";505;15.4812108;49.6752183;"Managed";"acid";7;1969;38;15;31;0.136686068162619;0.161255502441483;0.136686068162618;1.74928571428571;13.5488560199738;-0.212312465243858;-39.5806330239139;1.61428571428571;13.673580139004;-16.44458418811;86;15;51;15;7.86976146697998;41.1230850219727;3.26565837860107;4.13688516616821;7.40254354476929;4.035;23.8;4.167;19.2;23.1360488358039;-1.99006845586206;-1.82476520022034;-1.99006845586207
"P800060QUPE";"QUSP";505;15.4812108;49.6752183;"Managed";"acid";7;1970;39;15;32;0.209249825334151;0.187127198353482;0.209249825334152;1.54;12.6818225383759;-1.07934594684177;-16.9090474532494;1.64671428571429;13.673580139004;-16.44458418811;86;15;51;15;12.2262525558472;64.0981903076172;5.13882207870483;6.60658884048462;11.7454109191895;4.035;23.8;4.167;19.2;0.464463265139358;-1.56422640433619;-1.67596668826335;-1.56422640433619
"P800060QUPE";"QUSP";505;15.4812108;49.6752183;"Managed";"acid";7;1971;40;15;33;0.1777441799385;0.151874986223159;0.177744179938501;1.62214285714286;13.4958322048187;-0.265336280398916;-24.2692405610306;1.62171428571429;13.673580139004;-16.44458418811;86;15;51;15;9.28257656097412;49.4345207214355;3.73061227798462;4.99411630630493;8.72472858428955;4.035;23.8;4.167;19.2;7.82465637292056;-1.72740995379687;-1.88469755559904;-1.72740995379687
"P800060QUPE";"QUSP";505;15.4812108;49.6752183;"Managed";"acid";7;1972;41;15;34;0.144742519392836;0.134370135535189;0.144742519392836;1.63071428571429;12.7615137894948;-0.999654695722809;-10.7530498888379;1.65728571428571;13.673580139004;-16.44458418811;86;15;51;15;9.6502628326416;51.4677886962891;3.8940315246582;5.25546455383301;9.14949607849121;4.035;23.8;4.167;19.2;-5.69153429927214;-1.93279884336128;-2.00715708142383;-1.93279884336128
"P800060QUPE";"QUSP";505;15.4812108;49.6752183;"Managed";"acid";7;1973;42;15;35;0.133873342812632;0.125312563392351;0.133873342812631;1.66071428571429;12.7824341456095;-0.978734339608089;-25.1047229824625;1.60242857142857;13.673580139004;-16.44458418811;86;15;51;15;9.55892753601074;50.9244728088379;3.9034948348999;5.34072685241699;9.24422168731689;4.035;23.8;4.167;19.2;8.66013879435246;-2.01086112890797;-2.07694415560725;-2.01086112890798
"P800060QUPE";"QUSP";505;15.4812108;49.6752183;"Managed";"acid";7;1974;43;15;36;0.143194467504462;0.16614680999933;0.143194467504462;1.32285714285714;12.3978798389435;-1.36328864627415;-6.5749830484449;1.64057142857143;13.673580139004;-16.44458418811;86;15;51;15;13.2814044952393;70.8540344238281;5.41826629638672;7.42400884628296;12.8422746658325;4.035;23.8;4.167;19.2;-9.86960113966514;-1.94355165994731;-1.79488348388839;-1.94355165994731
"P800060QUPE";"QUSP";505;15.4812108;49.6752183;"Managed";"acid";7;1975;44;15;37;0.225862514557474;0.260081075724593;0.225862514557473;1.585;13.7034049828847;-0.0577635023329144;-24.8056642811596;1.55528571428571;13.673580139004;-16.44458418811;86;15;51;15;10.432957649231;55.8252487182617;4.26781511306763;5.83400869369507;10.1018238067627;4.035;23.8;4.167;19.2;8.36108009304956;-1.48782880749137;-1.34676186686542;-1.48782880749138
"P800060QUPE";"QUSP";505;15.4812108;49.6752183;"Managed";"acid";7;1976;45;15;38;0.167917361809008;0.144551186728044;0.167917361809009;1.27642857142857;13.0414869785309;-0.719681506686753;-43.1988319709221;1.56428571428571;13.673580139004;-16.44458418811;86;15;51;15;9.82529640197754;52.7041015625;4.02569341659546;5.55224180221558;9.57793521881104;4.035;23.8;4.167;19.2;26.7542477828121;-1.78428331459242;-1.93412160074342;-1.78428331459241
"P800060QUPE";"QUSP";505;15.4812108;49.6752183;"Managed";"acid";7;1977;46;15;39;0.127542953509556;0.106810966142466;0.127542953509556;1.44214285714286;12.3119100729624;-1.44925841225518;11.0359241764164;1.49514285714286;13.673580139004;-16.44458418811;86;15;51;15;14.8429298400879;79.806266784668;6.0897068977356;8.5905933380127;14.6802997589111;4.035;23.8;4.167;19.2;-27.4805083645264;-2.05930208084741;-2.23669467849062;-2.05930208084741
"P800060QUPE";"QUSP";505;15.4812108;49.6752183;"Managed";"acid";7;1978;47;15;40;0.176796191624111;0.13177441879888;0.176796191624112;1.415;11.775616089503;-1.98555239571466;-2.57615130462132;1.45742857142857;13.673580139004;-16.44458418811;86;15;51;15;10.5483570098877;56.7986793518066;4.34203195571899;6.19315719604492;10.5351896286011;4.035;23.8;4.167;19.2;-13.8684328834887;-1.7327576695982;-2.02666376680738;-1.7327576695982
"P800060QUPE";"QUSP";505;15.4812108;49.6752183;"Managed";"acid";7;1979;48;15;41;0.149043694290869;0.150787277076755;0.149043694290869;1.77714285714286;13.1952347755432;-0.565933709674409;-13.6265269584254;1.40828571428571;13.673580139004;-16.44458418811;86;15;51;15;12.7081108093262;68.4561233520508;5.20116138458252;7.44548988342285;12.6466512680054;4.035;23.8;4.167;19.2;-2.81805722968464;-1.90351576575185;-1.89188519648513;-1.90351576575185
"P800060QUPE";"QUSP";505;15.4812108;49.6752183;"Managed";"acid";7;1980;49;15;42;0.188555079368884;0.205572229053589;0.188555079368885;1.93428571428571;11.6283634503683;-2.13280503484937;3.46428712714483;1.49914285714286;13.673580139004;-16.44458418811;86;15;51;15;12.3619775772095;66.4983139038086;5.13379383087158;7.46561098098755;12.599404335022;4.035;23.8;4.167;19.2;-19.9088713152549;-1.66836511653225;-1.58195782722082;-1.66836511653224
"P800060QUPE";"QUSP";505;15.4812108;49.6752183;"Managed";"acid";7;1981;50;15;43;0.172563058092929;0.234602344839331;0.17256305809293;1.55;13.2327655156454;-0.528402969572269;-17.7937703511951;1.569;13.673580139004;-16.44458418811;86;15;51;15;13.8264102935791;74.3914031982422;5.71412372589111;8.25282001495361;13.9669437408447;4.035;23.8;4.167;19.2;1.34918616308506;-1.75699255514746;-1.44986334776015;-1.75699255514745
"P800060QUPE";"QUSP";505;15.4812108;49.6752183;"Managed";"acid";7;1982;51;15;44;0.20846311154427;0.353199185243122;0.208463111544271;2.33214285714286;13.8020567893982;0.0408883041805659;-32.4007604345637;1.62371428571429;13.673580139004;-16.44458418811;86;15;51;15;9.16456699371338;49.3191337585449;3.77458357810974;5.45620679855347;9.23079013824463;4.035;23.8;4.167;19.2;15.9561762464537;-1.56799317644507;-1.04072311704117;-1.56799317644507
"P800060QUPE";"QUSP";505;15.4812108;49.6752183;"Managed";"acid";7;1983;52;15;45;0.19540215240797;0.258388510671702;0.19540215240797;1.96071428571429;14.5730589230855;0.811890437867904;-36.9011411916886;1.80171428571429;13.673580139004;-16.44458418811;86;15;51;15;9.88587856292725;53.2118682861328;4.07948732376099;5.93630266189575;10.0157899856567;4.035;23.8;4.167;19.2;20.4565570035786;-1.63269552404021;-1.35329097140702;-1.63269552404021
"P800060QUPE";"QUSP";505;15.4812108;49.6752183;"Managed";"acid";7;1984;53;15;46;0.208635928722904;0.232357365750578;0.208635928722904;1.91785714285714;12.2725528081258;-1.4886156770918;-5.64797882434995;1.91085714285714;13.673580139004;-16.44458418811;86;15;51;15;11.0222539901733;59.3407363891602;4.55191278457642;6.61419582366943;11.1661081314087;4.035;23.8;4.167;19.2;-10.7966053637601;-1.56716451384056;-1.45947872285365;-1.56716451384056
"P800060QUPE";"QUSP";505;15.4812108;49.6752183;"Managed";"acid";7;1985;54;15;47;0.188285490016244;0.169241447424543;0.188285490016244;1.70642857142857;13.2674655914307;-0.493702893786955;-10.562549070639;1.939;13.673580139004;-16.44458418811;86;15;51;15;11.7671966552734;63.0056953430176;4.97371006011963;7.13239240646362;12.1061029434204;4.035;23.8;4.167;19.2;-5.88203511747104;-1.66979590408822;-1.77642890067013;-1.66979590408822
"P800060QUPE";"QUSP";505;15.4812108;49.6752183;"Managed";"acid";7;1986;55;15;48;0.323016724011707;0.324037202245211;0.323016724011706;1.76214285714286;13.6669395764669;-0.0942289087507486;-16.932580572609;1.89342857142857;13.673580139004;-16.44458418811;86;15;51;15;11.7288246154785;62.6356201171875;4.99698686599731;7.20366668701172;12.2006530761719;4.035;23.8;4.167;19.2;0.48799638449896;-1.13005117997384;-1.12689694803684;-1.13005117997384
"P800060QUPE";"QUSP";505;15.4812108;49.6752183;"Managed";"acid";7;1987;56;15;49;0.342316699394874;0.352951647514033;0.342316699394874;1.82928571428571;13.1901349226634;-0.571033562554259;6.02156789872902;1.93585714285714;13.673580139004;-16.44458418811;86;15;51;15;14.1052827835083;75.3210372924805;6.00666999816895;8.51598167419434;14.5226516723633;4.035;23.8;4.167;19.2;-22.4661520868391;-1.07201894879061;-1.04142420731182;-1.07201894879061
"P800060QUPE";"QUSP";505;15.4812108;49.6752183;"Managed";"acid";7;1988;57;15;50;0.287327873625791;0.414208649596706;0.287327873625792;1.64357142857143;13.9410520394643;0.179883554246691;-26.6296672069316;1.83528571428571;13.673580139004;-16.44458418811;86;15;51;15;11.2831077575684;60.0601425170898;4.89246988296509;7.03642797470093;11.928897857666;4.035;23.8;4.167;19.2;10.1850830188216;-1.24713129846943;-0.881385447581267;-1.24713129846943
"P800060QUPE";"QUSP";505;15.4812108;49.6752183;"Managed";"acid";7;1989;58;15;51;0.260641255798705;0.335971193858462;0.260641255798705;1.77428571428571;13.6552933057149;-0.1058751795027;-16.546827858994;1.77185714285714;13.673580139004;-16.44458418811;86;15;51;15;10.2708339691162;54.5338935852051;4.44965934753418;6.47110033035278;10.9207601547241;4.035;23.8;4.167;19.2;0.102243670883958;-1.34461031600501;-1.09072985525828;-1.34461031600501
"P800060QUPE";"QUSP";505;15.4812108;49.6752183;"Managed";"acid";7;1990;59;15;52;0.257855013947593;0.26433137243744;0.257855013947594;1.52;13.0882929166158;-0.672875568601814;-38.200789960494;1.74314285714286;13.673580139004;-16.44458418811;86;15;51;15;8.37393569946289;44.2719383239746;3.60523200035095;5.27657842636108;8.88181018829346;4.035;23.8;4.167;19.2;21.756205772384;-1.35535781346347;-1.33055176431237;-1.35535781346347
"P800060QUPE";"QUSP";505;15.4812108;49.6752183;"Managed";"acid";7;1991;60;15;53;0.223685525816517;0.245035686518521;0.223685525816517;1.88642857142857;12.7953276634216;-0.965840821796;-17.7251327025246;1.70585714285714;13.673580139004;-16.44458418811;86;15;51;15;9.54486465454102;50.1300506591797;4.15229558944702;5.58720922470093;9.73950481414795;4.035;23.8;4.167;19.2;1.28054851441456;-1.4975141161265;-1.40635141978542;-1.4975141161265
"P800060QUPE";"QUSP";505;15.4812108;49.6752183;"Managed";"acid";7;1992;61;15;54;0.284546660818438;0.277713628928683;0.284546660818439;1.85285714285714;14.8234547773997;1.06228629218207;-45.7425958404024;1.73071428571429;13.673580139004;-16.44458418811;86;15;51;15;9.79448413848877;50.8196220397949;4.38040018081665;5.5002613067627;9.8806619644165;4.035;23.8;4.167;19.2;29.2980116522924;-1.25685802895727;-1.2811648079886;-1.25685802895727
"P800060QUPE";"QUSP";505;15.4812108;49.6752183;"Managed";"acid";7;1993;62;15;55;0.248983771226375;0.210487469031444;0.248983771226375;1.485;13.5888040860494;-0.172364399168217;-16.0426198120837;1.73542857142857;13.673580139004;-16.44458418811;86;15;51;15;10.5423803329468;54.2363204956055;4.60278606414795;5.71972036361694;10.3225059509277;4.035;23.8;4.167;19.2;-0.401964376026342;-1.39036756043915;-1.55832915717349;-1.39036756043915
"P800060QUPE";"QUSP";505;15.4812108;49.6752183;"Managed";"acid";7;1994;63;15;56;0.209530464272716;0.219583090049739;0.209530464272715;1.85928571428571;14.5450398921967;0.783871406979053;-23.8311351173252;1.70371428571429;13.673580139004;-16.44458418811;86;15;51;15;9.9944372177124;50.6937255859375;4.23314237594604;5.29140949249268;9.52455139160156;4.035;23.8;4.167;19.2;7.38655092921516;-1.56288613600199;-1.51602457572817;-1.56288613600199
"P800060QUPE";"QUSP";505;15.4812108;49.6752183;"Managed";"acid";7;1995;64;15;57;0.260293826926098;0.344741556176364;0.260293826926098;1.51;13.6899811426798;-0.0711873425377796;13.7450820892711;1.72071428571429;13.673580139004;-16.44458418811;86;15;51;15;11.8535251617432;59.3187942504883;5.18333864212036;6.50390720367432;11.6872453689575;4.035;23.8;4.167;19.2;-30.1896662773811;-1.34594418249103;-1.06496025520805;-1.34594418249103
"P800060QUPE";"QUSP";505;15.4812108;49.6752183;"Managed";"acid";7;1996;65;15;58;0.255373199600859;0.182215496051063;0.255373199600859;0.982142857142857;12.5644133090973;-1.19675517612033;-7.61846942176176;1.71871428571429;13.673580139004;-16.44458418811;86;15;51;15;8.26800441741943;40.7708396911621;3.71113395690918;4.61898136138916;8.33011531829834;4.035;23.8;4.167;19.2;-8.82611476634828;-1.36502927589031;-1.70256524809627;-1.36502927589031
"P800060QUPE";"QUSP";505;15.4812108;49.6752183;"Managed";"acid";7;1997;66;15;59;0.317512067602625;0.366937409554521;0.317512067602624;1.71357142857143;13.2321364879608;-0.529031997256814;-6.39106476946796;1.53785714285714;13.673580139004;-16.44458418811;86;15;51;15;8.84556007385254;42.0656929016113;4.30422925949097;5.224928855896;9.52915859222412;4.035;23.8;4.167;19.2;-10.0535194186421;-1.14723945317444;-1.00256399164519;-1.14723945317444
"P800060QUPE";"QUSP";505;15.4812108;49.6752183;"Managed";"acid";7;1998;67;15;60;0.304236306046628;0.268537980004137;0.304236306046628;1.52;14.1975908279419;0.43642234272429;-14.0025638583078;1.51;13.673580139004;-16.44458418811;86;15;51;15;7.94621801376343;35.3018646240234;4.45256805419922;5.24434995651245;9.69691753387451;4.035;23.8;4.167;19.2;-2.44202032980224;-1.18995055701279;-1.31476292250731;-1.18995055701279
"P800060QUPE";"QUSP";505;15.4812108;49.6752183;"Managed";"acid";7;1999;68;15;61;0.248599845957722;0.212511731812648;0.248599845957722;1.62285714285714;14.5738350550334;0.812666569815732;-27.7402322930486;1.517;13.673580139004;-16.44458418811;86;15;51;15;5.83007669448853;23.5897483825684;3.73254442214966;4.41804647445679;8.15059089660645;4.035;23.8;4.167;19.2;11.2956481049386;-1.39191071954481;-1.54875808361149;-1.39191071954481
"P800060QUPE";"QUSP";505;15.4812108;49.6752183;"Managed";"acid";7;2000;69;15;62;0.339731274306867;0.26358131147662;0.339731274306867;1.36285714285714;14.8639718691508;1.10280338393318;-35.6164572583165;1.46971428571429;13.673580139004;-16.44458418811;86;15;51;15;5.8539080619812;22.7044830322266;3.72692346572876;4.64566469192505;8.37258815765381;4.035;23.8;4.167;19.2;19.1718730702065;-1.07960034356441;-1.33339337614853;-1.07960034356441
"P800060QUPE";"QUSP";505;15.4812108;49.6752183;"Managed";"acid";7;2001;70;15;63;0.341072935738241;0.389019510278375;0.341072935738241;2.02357142857143;13.4323733647664;-0.328795120451179;14.133221313535;1.44028571428571;13.673580139004;-16.44458418811;86;15;51;15;7.52108812332153;28.9084854125977;4.8955340385437;6.10164976119995;10.9971837997437;4.035;23.8;4.167;19.2;-30.577805501645;-1.07565893677393;-0.944125781664146;-1.07565893677393
"P800060QUPE";"QUSP";505;15.4812108;49.6752183;"Managed";"acid";7;2002;71;15;64;0.287359219788595;0.368705719238125;0.287359219788594;1.46285714285714;14.6340493361155;0.872880850897889;-4.5605494580339;1.64857142857143;13.673580139004;-16.44458418811;86;15;51;15;6.68823432922363;24.4490432739258;4.54359912872314;5.67997407913208;10.2235727310181;4.035;23.8;4.167;19.2;-11.8840347300761;-1.24702220897292;-0.997756461960733;-1.24702220897293
"P800060QUPE";"QUSP";505;15.4812108;49.6752183;"Managed";"acid";7;2003;72;15;65;0.25770002355919;0.246059180312436;0.25770002355919;1.31428571428571;15.522385597229;1.76121711201138;-46.8310253872591;1.59842857142857;13.673580139004;-16.44458418811;86;15;51;15;4.06693029403687;14.8014850616455;2.78645372390747;3.28827452659607;6.07472801208496;4.035;23.8;4.167;19.2;30.3864411991491;-1.35595906990283;-1.40218320160643;-1.35595906990283
"P800060QUPE";"QUSP";505;15.4812108;49.6752183;"Managed";"acid";7;2004;73;15;66;0.264362745991524;0.23432551704498;0.264362745991525;1.31428571428571;13.6822681427002;-0.0789003425174144;-20.1938695621984;1.55728571428571;13.673580139004;-16.44458418811;86;15;51;15;5.41095209121704;19.2665500640869;3.81697964668274;4.36449289321899;8.18147277832031;4.035;23.8;4.167;19.2;3.74928537408836;-1.33043308111531;-1.45104403182271;-1.33043308111531
"P800060QUPE";"QUSP";505;15.4812108;49.6752183;"Managed";"acid";7;2005;74;15;67;0.274013462028587;0.180373146502841;0.274013462028587;1.13357142857143;14.0977514584859;0.336582973268301;-7.78191607079677;1.49557142857143;13.673580139004;-16.44458418811;86;15;51;15;5.80947065353394;20.1371555328369;4.02570009231567;4.69233322143555;8.71803379058838;4.035;23.8;4.167;19.2;-8.66266811731327;-1.29457804230979;-1.71272753773942;-1.29457804230979
"P800060QUPE";"QUSP";505;15.4812108;49.6752183;"Managed";"acid";7;2006;75;15;68;0.298642289816146;0.242143217918442;0.298642289816148;1.53928571428571;14.5950042406718;0.833835755454185;-13.9100193258691;1.44971428571429;13.673580139004;-16.44458418811;86;15;51;15;5.46158885955811;18.619421005249;3.84523415565491;4.45963668823242;8.30487060546875;4.035;23.8;4.167;19.2;-2.53456486224094;-1.20850877692548;-1.41822591829534;-1.20850877692547
"P800060QUPE";"QUSP";505;15.4812108;49.6752183;"Managed";"acid";7;2007;76;15;69;0.360165696192799;0.387372457415994;0.360165696192798;1.88928571428571;14.9112064043681;1.15003791915047;-23.4434718715609;1.35285714285714;13.673580139004;-16.44458418811;86;15;51;15;5.27013969421387;17.5193881988525;3.80545616149902;4.44508266448975;8.25053882598877;4.035;23.8;4.167;19.2;6.99888768345086;-1.02119108622022;-0.948368626520176;-1.02119108622022
"P800060QUPE";"QUSP";505;15.4812108;49.6752183;"Managed";"acid";7;2008;77;15;70;0.363159133084972;0.344176313204868;0.363159133084972;1.68142857142857;14.3209309577942;0.559762472576566;-29.3686529177512;1.43814285714286;13.673580139004;-16.44458418811;86;15;51;15;3.88040733337402;11.3898906707764;3.03413963317871;3.58853363990784;6.62267303466797;4.035;23.8;4.167;19.2;12.9240687296412;-1.01291415762491;-1.06660121452543;-1.01291415762491
"P800060QUPE";"QUSP";505;15.4812108;49.6752183;"Managed";"acid";7;2009;78;15;71;0.369307435170821;0.434750026882214;0.369307435170821;1.34214285714286;15.1118213335673;1.35065284834968;-31.8321414316456;1.51157142857143;13.673580139004;-16.44458418811;86;15;51;15;4.70465326309204;13.4831809997559;3.65781879425049;4.19166421890259;7.84948301315308;4.035;23.8;4.167;19.2;15.3875572435356;-0.99612582418028;-0.832984063914017;-0.99612582418028
"P800060QUPE";"QUSP";505;15.4812108;49.6752183;"Managed";"acid";7;2010;79;15;72;0.426778387890795;0.343495860779957;0.426778387890796;1.10785714285714;14.0769124825795;0.315743997361926;13.5316862455211;1.51714285714286;13.673580139004;-16.44458418811;86;15;51;15;5.36441898345947;15.5076808929443;4.10166120529175;4.73534440994263;8.83700561523438;4.035;23.8;4.167;19.2;-29.9762704336311;-0.851490398393376;-1.06858021752347;-0.851490398393374
"P800060QUPE";"QUSP";505;15.4812108;49.6752183;"Managed";"acid";7;2011;80;15;73;0.470854650365284;0.432552736364638;0.470854650365283;1.36214285714286;14.8756623268128;1.11449384159513;-12.3276833132749;1.512;13.673580139004;-16.44458418811;86;15;51;15;4.02376747131348;11.394401550293;2.99235081672668;3.54974722862244;6.54209804534912;4.035;23.8;4.167;19.2;-4.11690087483514;-0.75320583054243;-0.838051026252453;-0.753205830542432
"P800060QUPE";"QUSP";505;15.4812108;49.6752183;"Managed";"acid";7;2012;81;15;74;0.427706226245231;0.353747827359424;0.427706226245231;1.42428571428571;14.7445317904155;0.98336330519783;-24.4842831096239;1.47657142857143;13.673580139004;-16.44458418811;86;15;51;15;4.00192022323608;10.4193296432495;3.07132053375244;3.78987789154053;6.86119842529297;4.035;23.8;4.167;19.2;8.03969892151386;-0.849318706349433;-1.03917097178369;-0.849318706349433
"P800060QUPE";"QUSP";505;15.4812108;49.6752183;"Managed";"acid";7;2013;82;15;75;0.427912742834708;0.262109853897889;0.427912742834708;1.16285714285714;13.892416715622;0.131248230404342;-8.65887429195217;1.38357142857143;13.673580139004;-16.44458418811;86;15;51;15;3.62934374809265;9.44929695129395;2.88451194763184;3.8860137462616;6.77052545547485;4.035;23.8;4.167;19.2;-7.78570989615787;-0.848835976066561;-1.3389915734118;-0.848835976066561
"P800060QUPE";"QUSP";505;15.4812108;49.6752183;"Managed";"acid";7;2014;83;15;76;0.471089138964145;0.358982596291664;0.471089138964145;1.33857142857143;14.2093388239543;0.448170338736638;-21.5334584100345;1.27985714285714;13.673580139004;-16.44458418811;86;15;51;15;3.29746866226196;8.58523273468018;2.8122878074646;3.94332146644592;6.75560903549194;4.035;23.8;4.167;19.2;5.08887422192446;-0.752707948171186;-1.02448136996517;-0.752707948171186
"P800060QUPE";"QUSP";505;15.4812108;49.6752183;"Managed";"acid";7;2015;84;15;77;0.471351117419977;0.327918431551387;0.471351117419977;1.23428571428571;15.1179089546204;1.35674046940274;-45.5827434671275;1.27914285714286;13.673580139004;-16.44458418811;86;15;51;15;3.61427187919617;9.41005611419678;2.72288370132446;3.95430994033813;6.6771936416626;4.035;23.8;4.167;19.2;29.1381592790175;-0.752151990462875;-1.11499038581961;-0.752151990462875
"P800060QUPE";"QUSP";505;15.4812108;49.6752183;"Managed";"acid";7;2016;85;15;78;0.469503691383547;0.5785863149347;0.469503691383547;1.405;14.852854569753;1.09168608453539;-41.0985208171899;1.30442857142857;13.673580139004;-16.44458418811;86;15;51;15;2.60746288299561;6.78874492645264;2.56492924690247;4.03827333450317;6.60320281982422;4.035;23.8;4.167;19.2;24.6539366290799;-0.756079117992956;-0.547167538751098;-0.756079117992956
"P800060QUPE";"QUSP";505;15.4812108;49.6752183;"Managed";"acid";7;2017;86;15;79;0.417302754724009;0.387841367213087;0.41730275472401;1.27928571428571;14.6992607911428;0.938092305925144;-17.4124616757238;1.313;13.673580139004;-16.44458418811;86;15;51;15;2.52423620223999;6.57205772399902;2.51441121101379;4.00394535064697;6.51835680007935;4.035;23.8;4.167;19.2;0.967877487613759;-0.873943290102778;-0.947158870348696;-0.873943290102776
