"site_code";"species";"elevation";"coord_x";"coord_y";"management_type";"site_category";"sample_depth";"year";"max_cambial_age";"cambial_age_range";"cambial_age";"cv_TRW";"sd_RWI";"cv_RWI";"mid_TRW";"mean_temp";"resid_temp";"mean_cwb";"last5";"normal_temp";"normal_cwb";"max_age";"max_range";"median_age";"median_range";"sox";"sothf";"nox";"nh";"nsum";"pH_FH";"C.N_FH";"pH_L1";"C.N_L1";"resid_cwb";"log_cv_TRW";"log_sd_RWI";"log_cv_RWI"
"P800064FASY";"FASY";NA;16.4508358;49.8372722;"Managed";"moderate";7;1961;-1.68693065276058;NA;-1.68693065276058;0.29003967472469;0.63853434251089;0.379834436564298;0.978008615552112;-0.307559674081754;-0.3075596740817;-0.515672383125597;-1.34555733151861;NA;NA;NA;NA;NA;NA;0.263839874737802;0.290675234337713;-0.171717167599148;-0.20991679655588;-0.198060767196786;NA;NA;NA;NA;0.515672383125597;-1.23773755596369;-0.448579818721217;-0.968019814455436
"P800064FASY";"FASY";NA;16.4508358;49.8372722;"Managed";"moderate";7;1962;-1.6266831294477;NA;-1.6266831294477;0.24246411182623;0.356318266727346;0.203171726151057;1.64385920583511;-1.38705761728478;-1.38705761728483;-0.19292736430733;-0.806761211549491;NA;NA;NA;NA;NA;NA;0.358872058681385;0.380466554272523;-0.0182386219288232;-0.176655382406529;-0.11777873809582;NA;NA;NA;NA;0.19292736430733;-1.41690157202572;-1.03193093985585;-1.59370371591649
"P800064FASY";"FASY";NA;16.4508358;49.8372722;"Managed";"moderate";7;1963;-1.56643560613482;NA;-1.56643560613482;0.162148821860233;0.527280158472144;0.310319911102559;1.03613842898952;0.155422787260437;0.155422787260491;0.230543914506749;-0.438488331676975;NA;NA;NA;NA;NA;NA;0.250862268182534;0.301169943744408;-0.183271255164764;-0.34710399118834;-0.288514713129612;NA;NA;NA;NA;-0.230543914506749;-1.81924071199537;-0.640023261691245;-1.17015154232069
"P800064FASY";"FASY";NA;16.4508358;49.8372722;"Managed";"moderate";7;1964;-1.50618808282194;NA;-1.50618808282194;0.227853525722652;0.639895331088773;0.38175166421885;0.803619175239912;0.0476390107382937;0.0476390107382782;1.28940059678697;0.309043519166668;NA;NA;NA;NA;NA;NA;1.06213900965898;0.981614557713809;1.096997497639;0.663099966319862;0.840411024165371;NA;NA;NA;NA;-1.28940059678697;-1.47905228751594;-0.446450661177182;-0.962984975446008
"P800064FASY";"FASY";NA;16.4508358;49.8372722;"Managed";"moderate";7;1965;-1.44594055950907;NA;-1.44594055950907;0.184787755168728;0.471952158717676;0.279416495384223;1.06960710945348;-2.02388515067523;-2.02388515067529;1.91371048273175;1.00068960224761;NA;NA;NA;NA;NA;NA;0.855880496515255;0.806249998019477;0.807376308120596;0.431346572392108;0.583004627657833;NA;NA;NA;NA;-1.91371048273175;-1.68854738187932;-0.750877657182708;-1.27505179530419
"P800064FASY";"FASY";NA;16.4508358;49.8372722;"Managed";"moderate";7;1966;-1.38569303619619;NA;-1.38569303619619;0.198899280598716;0.502688501895572;0.301208552688523;1.02909239099711;-0.550003950466549;-0.550003950466544;1.83331300136913;1.59298320930583;NA;NA;NA;NA;NA;NA;1.34136500647266;1.21367193264118;1.52208917124582;1.06699395681029;1.25816569974552;NA;NA;NA;NA;-1.83331300136913;-1.61495671002812;-0.687784581241488;-1.19995238807932
"P800064FASY";"FASY";NA;16.4508358;49.8372722;"Managed";"moderate";7;1967;-1.32544551288331;NA;-1.32544551288331;0.236764964768265;0.605727404055606;0.338788760659539;1.4113399520855;-0.283862156076718;-0.283862156076732;1.07988809959109;1.60683523721285;NA;NA;NA;NA;NA;NA;0.891101309227262;0.835606077763582;0.806090188381661;0.617552185847467;0.699207231061795;NA;NA;NA;NA;-1.07988809959109;-1.44068733975511;-0.501325222406998;-1.08237849072281
"P800064FASY";"FASY";NA;16.4508358;49.8372722;"Managed";"moderate";7;1968;-1.26519798957043;NA;-1.26519798957043;0.198685580473878;0.477663819347559;0.332478138615659;-0.175780105705456;-0.597018038591946;-0.597018038591908;0.396429570231893;1.54378462742924;NA;NA;NA;NA;NA;NA;0.351550113522431;0.396276632772103;-0.0237852518266538;-0.218030673847885;-0.145857736266519;NA;NA;NA;NA;-0.396429570231893;-1.61603170138891;-0.738848100731204;-1.10118116957209
"P800064FASY";"FASY";NA;16.4508358;49.8372722;"Managed";"moderate";7;1969;-1.20495046625756;NA;-1.20495046625756;0.175933651949582;0.421107896890053;0.264516595405372;0.683836529368893;-0.195140066337689;-0.195140066337676;-0.544043377803372;1.21515720673884;NA;NA;NA;NA;NA;NA;0.0922980096131505;0.190049281551579;-0.457470934000541;-0.502283441947708;-0.491957853069896;NA;NA;NA;NA;0.544043377803372;-1.73764833257708;-0.864866190985927;-1.32985128709862
"P800064FASY";"FASY";NA;16.4508358;49.8372722;"Managed";"moderate";7;1970;-1.14470294294468;NA;-1.14470294294468;0.247927912974343;0.496275877666169;0.332883897234872;0.11486896148156;-1.21629179612456;-1.21629179612456;1.07804181941272;1.1826765895776;NA;NA;NA;NA;NA;NA;1.26467155577349;1.18087355257096;1.45460747988457;1.10865311310061;1.25814168323283;NA;NA;NA;NA;-1.07804181941272;-1.39461724856143;-0.700623301909748;-1.099961506749
"P800064FASY";"FASY";NA;16.4508358;49.8372722;"Managed";"moderate";7;1971;-1.0844554196318;NA;-1.0844554196318;0.283002721748796;0.598529423207817;0.452682826542635;-0.802877487030172;-0.0455908377483913;-0.0455908377483633;0.43441653931246;0.923786964556985;NA;NA;NA;NA;NA;NA;0.733099115335957;0.771732843834734;0.380132196731125;0.411715387334605;0.405245854831694;NA;NA;NA;NA;-0.43441653931246;-1.26229876389824;-0.513279593608846;-0.792563560884638
"P800064FASY";"FASY";NA;16.4508358;49.8372722;"Managed";"moderate";7;1972;-1.02420789631892;NA;-1.02420789631892;0.208409537367619;0.446621939357957;0.337391084209723;-0.804638996528286;-1.13074545535215;-1.1307454553521;0.79716870670505;0.427024584443612;NA;NA;NA;NA;NA;NA;-0.016932944209069;0.136152629944099;-0.746442146462464;-0.512554161503235;-0.610302359920098;NA;NA;NA;NA;-0.79716870670505;-1.56825020543024;-0.806042815484978;-1.08651253420542
"P800064FASY";"FASY";NA;16.4508358;49.8372722;"Managed";"moderate";7;1973;-0.963960373006045;NA;-0.963960373006045;0.284555446044525;0.634304599217359;0.446846594749676;-0.316700865553716;-0.817932780911452;-0.81793278091149;-0.702060717815853;-0.173866833039686;NA;NA;NA;NA;NA;NA;-0.062959770752287;0.0949189805414932;-0.772590544552231;-0.486239329939921;-0.603936136635921;NA;NA;NA;NA;0.702060717815853;-1.25682715496829;-0.455225999513522;-0.805539931750683
"P800064FASY";"FASY";NA;16.4508358;49.8372722;"Managed";"moderate";7;1974;-0.903712849693167;NA;-0.903712849693167;0.214309257445315;0.520569972853729;0.373862558342524;-0.452337096907659;-1.39818320118958;-1.39818320118956;0.306528729315768;-0.212079323817633;NA;NA;NA;NA;NA;NA;1.21543002135854;1.1870141530233;1.19355999734046;1.22809507003131;1.23190604478152;NA;NA;NA;NA;-0.306528729315768;-1.54033517890407;-0.652830966045676;-0.983867040171764
"P800064FASY";"FASY";NA;16.4508358;49.8372722;"Managed";"moderate";7;1975;-0.843465326380289;NA;-0.843465326380289;0.270087705261347;0.516809877735616;0.354953993681543;-0.0313363268609923;0.245815050425117;0.245815050425092;-0.347607611057373;-0.520167530714875;NA;NA;NA;NA;NA;NA;0.541441010307847;0.619387739427398;0.164573567193585;0.328617268982613;0.269687789631909;NA;NA;NA;NA;0.347607611057373;-1.30900853842972;-0.66008021343089;-1.03576709316817
"P800064FASY";"FASY";NA;16.4508358;49.8372722;"Managed";"moderate";7;1976;-0.783217803067411;NA;-0.783217803067411;0.205417253581765;0.33160130584148;0.246681587010165;-0.424152944937987;-0.791438219855592;-0.791438219855595;-0.50622141203649;-0.559812989896989;NA;NA;NA;NA;NA;NA;0.870984611616395;0.907200281431683;0.67950375766794;0.821477981436407;0.777991738225974;NA;NA;NA;NA;0.50622141203649;-1.58271198510425;-1.1038219177267;-1.3996568954023
"P800064FASY";"FASY";NA;16.4508358;49.8372722;"Managed";"moderate";7;1977;-0.722970279754534;NA;-0.722970279754534;0.262716911220725;0.44208574910691;0.293980421062797;0.30335047777862;-1.58023004943259;-1.58023004943256;0.862119991896711;-0.457116920931232;NA;NA;NA;NA;NA;NA;1.33480789036668;1.31106289533654;1.40205880268792;1.58209133864129;1.53451004021305;NA;NA;NA;NA;-0.862119991896711;-1.33667820971195;-0.81625141321617;-1.2242421088855
"P800064FASY";"FASY";NA;16.4508358;49.8372722;"Managed";"moderate";7;1978;-0.662722756441656;NA;-0.662722756441656;0.2797900753642;0.465042479706333;0.386091415519588;-1.22035523808064;-2.21146088109084;-2.21146088109085;0.185783066723674;-0.156671212189598;NA;NA;NA;NA;NA;NA;0.45450383930924;0.559047986687499;0.05307232875897;0.422260539054584;0.28519691455083;NA;NA;NA;NA;-0.185783066723674;-1.27371568784375;-0.765626523360154;-0.951681109785622
"P800064FASY";"FASY";NA;16.4508358;49.8372722;"Managed";"moderate";7;1979;-0.602475233128778;NA;-0.602475233128778;0.337097052941881;0.602022203414219;0.394967948494116;0.0602621670403795;-0.850478883142945;-0.850478883142985;0.0897545521619033;-0.401708809303197;NA;NA;NA;NA;NA;NA;1.11347089373579;1.12623453429694;1.04463343777877;1.34006044541604;1.24440460746487;NA;NA;NA;NA;-0.0897545521619033;-1.08738439916574;-0.507460951605596;-0.928950660426162
"P800064FASY";"FASY";NA;16.4508358;49.8372722;"Managed";"moderate";7;1980;-0.5422277098159;NA;-0.5422277098159;0.211175125372534;0.672209666504574;0.353226524878529;1.88518600707526;-2.31410709243137;-2.31410709243143;1.20291282104708;-0.262710874098428;NA;NA;NA;NA;NA;NA;1.09534453672152;1.10688310394762;1.09645557181429;1.475366409035;1.34927363379288;NA;NA;NA;NA;-1.20291282104708;-1.55506751167852;-0.397184983394984;-1.04064571432202
"P800064FASY";"FASY";NA;16.4508358;49.8372722;"Managed";"moderate";7;1981;-0.481980186503022;NA;-0.481980186503022;0.209754429832155;0.591404508799451;0.309903700902573;2.15998148877935;-0.233285859593254;-0.233285859593218;0.0650287084187264;0.256979000481739;NA;NA;NA;NA;NA;NA;1.94255817412564;1.83474785520945;2.39008117423613;2.62644220355557;2.57166092337784;NA;NA;NA;NA;-0.0650287084187265;-1.56181781427664;-0.525255047650565;-1.17149367201201
"P800064FASY";"FASY";NA;16.4508358;49.8372722;"Managed";"moderate";7;1982;-0.421732663190145;NA;-0.421732663190145;0.235973912215906;0.689537387172711;0.337667948529131;2.66201169573876;0.516994735795262;0.51699473579525;-1.15691367852455;0.957700550122392;NA;NA;NA;NA;NA;NA;0.149695203202629;0.296053568716975;-0.417347432887047;0.0473564304952946;-0.131942938304723;NA;NA;NA;NA;1.15691367852455;-1.44403402152471;-0.371734359618086;-1.08569226717245
"P800064FASY";"FASY";NA;16.4508358;49.8372722;"Managed";"moderate";7;1983;-0.361485139877267;NA;-0.361485139877267;0.220485502587995;0.423364466584412;0.295056608071535;-0.0507129313401199;1.17924685057741;1.17924685057742;-1.63012038478602;1.59728211451837;NA;NA;NA;NA;NA;NA;0.431219348834389;0.538231128399513;0.0282100504081383;0.487499637948121;0.31645606848513;NA;NA;NA;NA;1.63012038478602;-1.51192333415697;-0.859521847788988;-1.22058804928327
"P800064FASY";"FASY";NA;16.4508358;49.8372722;"Managed";"moderate";7;1984;-0.301237616564389;NA;-0.301237616564389;0.264668642825919;0.389694627020053;0.256977925490629;0.472455389596503;-1.46840559101986;-1.4684055910198;0.0150835596955068;1.91444578797536;NA;NA;NA;NA;NA;NA;0.452071811078828;0.556595607585441;0.0639113223005995;0.514663116344382;0.347305833249435;NA;NA;NA;NA;-0.0150835596955068;-1.32927663983431;-0.942391854209933;-1.35876509080851
"P800064FASY";"FASY";NA;16.4508358;49.8372722;"Managed";"moderate";7;1985;-0.240990093251511;NA;-0.240990093251511;0.312249184338386;0.60761078054083;0.405275509995449;0.167714246424676;-0.555378790691626;-0.555378790691583;0.738549646810003;2.02621732350086;NA;NA;NA;NA;NA;NA;1.12319648926683;1.11823526987213;1.24155573433371;1.53265346012986;1.44136920073858;NA;NA;NA;NA;-0.738549646810003;-1.16395374218679;-0.498220765592329;-0.903188171561735
"P800064FASY";"FASY";NA;16.4508358;49.8372722;"Managed";"moderate";7;1986;-0.180742569938633;NA;-0.180742569938633;0.252562212890206;0.654727643560457;0.412356075751448;0.250505192835503;-0.0634146774448829;-0.063414677444936;0.789735403064457;1.56050259214459;NA;NA;NA;NA;NA;NA;1.32950626563853;1.28715539190674;1.61944356959957;1.9077429798937;1.82279095696723;NA;NA;NA;NA;-0.789735403064457;-1.3760976729312;-0.423535941178481;-0.885868041358921
"P800064FASY";"FASY";NA;16.4508358;49.8372722;"Managed";"moderate";7;1987;-0.120495046625756;NA;-0.120495046625756;0.233123255834658;0.467707609741498;0.348711949072787;-0.623203518223656;-0.565863171486899;-0.565863171486892;0.705854588160153;1.04272334210336;NA;NA;NA;NA;NA;NA;1.33695591116002;1.29329807140155;1.62872261820563;1.81896726979133;1.77074606553583;NA;NA;NA;NA;-0.705854588160153;-1.45618797028643;-0.759911943821408;-1.05350905840045
"P800064FASY";"FASY";NA;16.4508358;49.8372722;"Managed";"moderate";7;1988;-0.0602475233128778;NA;-0.0602475233128778;0.311025098024526;0.824198004697943;0.499833574280659;0.749012380798707;0.257530458984852;0.257530458984894;-0.509439657249491;0.151894650842344;NA;NA;NA;NA;NA;NA;0.993991642540211;0.992543489991669;1.17976521822671;1.49352491622609;1.39291681011928;NA;NA;NA;NA;0.509439657249491;-1.16788166901557;-0.193344480975833;-0.693480087405963
"P800064FASY";"FASY";NA;16.4508358;49.8372722;"Managed";"moderate";7;1989;0;NA;0;0.323227891970955;0.640806622823077;0.410798837241877;0.333296139246356;-0.0257895814697336;-0.025789581469691;0.0352321838096726;0.368750536007241;NA;NA;NA;NA;NA;NA;0.345206746768805;0.435287934272183;0.118299017150652;0.567456672364068;0.401455679646022;NA;NA;NA;NA;-0.0352321838096726;-1.12939765664369;-0.445027548039391;-0.889651631404288
"P800064FASY";"FASY";NA;16.4508358;49.8372722;"Managed";"moderate";7;1990;0.0602475233128778;NA;0.0602475233128778;0.362164953252551;0.449120329074789;0.347375260146674;-0.57740427127297;-0.528640508931696;-0.528640508931697;-0.830353365360676;0.331015701363995;NA;NA;NA;NA;NA;NA;0.0466371201303086;0.173726273572863;-0.39147381408868;0.114730853340848;-0.0796974166212484;NA;NA;NA;NA;0.830353365360676;-1.01565549897494;-0.800464433658669;-1.05734964202684
"P800064FASY";"FASY";NA;16.4508358;49.8372722;"Managed";"moderate";7;1991;0.120495046625756;NA;0.120495046625756;0.261293083020373;0.369903998965673;0.31253338985553;-1.35070694094026;-0.624165946755422;-0.624165946755474;-0.43993805326966;0.128967156375583;NA;NA;NA;NA;NA;NA;0.218383580459423;0.305745916231433;-0.0634183482325766;0.0655049154591137;0.0164946284179833;NA;NA;NA;NA;0.43993805326966;-1.34211257821669;-0.994511769264959;-1.16304396797578
"P800064FASY";"FASY";NA;16.4508358;49.8372722;"Managed";"moderate";7;1992;0.180742569938633;NA;0.180742569938633;0.11067624977922;0.190678980031593;0.184164239730822;-1.94962017029533;1.79826455657702;1.79826455657697;-2.87076948099145;-0.30522227008888;NA;NA;NA;NA;NA;NA;-0.0226899877928203;0.0809571708020112;-0.340828555941865;-0.425713036036008;-0.398797800385268;NA;NA;NA;NA;2.87076948099145;-2.20114600809229;-1.65716399777041;-1.69192731227736
"P800064FASY";"FASY";NA;16.4508358;49.8372722;"Managed";"moderate";7;1993;0.240990093251511;NA;0.240990093251511;0.163171978238414;0.298950833189017;0.271731591594165;-1.74528506851537;0.493611840761182;0.493611840761175;-1.11391602689569;-0.664897339536352;NA;NA;NA;NA;NA;NA;-0.0465498164601461;0.0459835182910139;-0.471604893802111;-0.578591796093349;-0.545256406463159;NA;NA;NA;NA;1.11391602689569;-1.8129505531651;-1.2074761566077;-1.30294049549915
"P800064FASY";"FASY";NA;16.4508358;49.8372722;"Managed";"moderate";7;1994;0.301237616564389;NA;0.301237616564389;0.142323049776633;0.424058982507459;0.324864815445892;-0.90152201892395;1.51132233509583;1.51132233509585;-0.0970262071709355;-1.34125842630608;NA;NA;NA;NA;NA;NA;0.385122264206421;0.373758672230631;0.114095275630088;-0.121328855829182;-0.0318557843936341;NA;NA;NA;NA;0.0970262071709355;-1.94965580684465;-0.857882723737631;-1.1243461356588
"P800064FASY";"FASY";NA;16.4508358;49.8372722;"Managed";"moderate";7;1995;0.361485139877267;NA;0.361485139877267;0.161886757272926;0.371902711898078;0.332700261714091;-1.67130166959504;0.462065563249965;0.462065563249943;0.764598715280286;-1.67609537674788;NA;NA;NA;NA;NA;NA;0.635842702318164;0.549097392397062;0.683751864594935;0.338254819591567;0.476786242802034;NA;NA;NA;NA;-0.764598715280286;-1.82085821736404;-0.989122986068885;-1.10051330932113
"P800064FASY";"FASY";NA;16.4508358;49.8372722;"Managed";"moderate";7;1996;0.421732663190145;NA;0.421732663190145;0.174774560590273;0.288006268652152;0.282415428544242;-2.10991753462272;-0.64123919394271;-0.641239193942736;0.118106986819083;-1.97271983641175;NA;NA;NA;NA;NA;NA;-0.138663886922394;-0.100560760605575;-0.494090999148634;-0.618174582709716;-0.578772004134919;NA;NA;NA;NA;-0.118106986819083;-1.74425836073245;-1.24477303292976;-1.26437614120017
"P800064FASY";"FASY";NA;16.4508358;49.8372722;"Managed";"moderate";7;1997;0.481980186503022;NA;0.481980186503022;0.305117103881502;0.442066061191249;0.309617275928929;0.025031977078302;-0.0955647919170364;-0.0955647919170039;1.49910067355278;-2.17858963047796;NA;NA;NA;NA;NA;NA;0.400607878419256;0.259440294208533;0.845179450773338;0.311776095135194;0.52270581504563;NA;NA;NA;NA;-1.49910067355278;-1.18705962891111;-0.81629594836372;-1.17241833801934
"P800064FASY";"FASY";NA;16.4508358;49.8372722;"Managed";"moderate";7;1998;0.5422277098159;NA;0.5422277098159;0.365433853362919;0.417686443010243;0.361213544433525;-1.33837637445354;0.478028662163344;0.478028662163334;0.409285397117977;-1.64313710345191;NA;NA;NA;NA;NA;NA;-0.368913590755131;-0.428939430875022;0.0286312832454774;-0.415906581420359;-0.249573969985902;NA;NA;NA;NA;-0.409285397117977;-1.00666999192164;-0.873024264289557;-1.01828595971067
"P800064FASY";"FASY";NA;16.4508358;49.8372722;"Managed";"moderate";7;1999;0.602475233128778;NA;0.602475233128778;0.185396046152653;0.335014606485699;0.253658303089319;-0.610872951736934;1.32106464936704;1.32106464936699;-0.841657494615568;-1.53279853633058;NA;NA;NA;NA;NA;NA;-0.902945865147188;-0.908432115400657;-0.605884190580366;-0.873654125850337;-0.782182259927065;NA;NA;NA;NA;0.841657494615568;-1.68526095211526;-1.09358114665774;-1.37176718107067
"P800064FASY";"FASY";NA;16.4508358;49.8372722;"Managed";"moderate";7;2000;0.662722756441656;NA;0.662722756441656;0.278569540886812;0.403774973084201;0.335075959441779;-1.14989485815651;1.37058096163109;1.3705809616311;-1.10898680199844;-1.45398527410105;NA;NA;NA;NA;NA;NA;-0.841735282416521;-0.905117750438252;-0.469900403510123;-0.626376301876061;-0.574544358933669;NA;NA;NA;NA;1.10898680199844;-1.27808755280637;-0.906897553517952;-1.09339802825742
"P800064FASY";"FASY";NA;16.4508358;49.8372722;"Managed";"moderate";7;2001;0.722970279754534;NA;0.722970279754534;0.0792006954892194;0.472247873795805;0.286144671431783;0.807142194236115;0.00655586454400736;0.0065558645440188;1.33495251701627;-1.31259905822264;NA;NA;NA;NA;NA;NA;-0.549078434302102;-0.721603715500308;0.336749030863882;-0.000529181874320556;0.130078692970263;NA;NA;NA;NA;-1.33495251701627;-2.53577019877078;-0.750251274895873;-1.25125775189124
"P800064FASY";"FASY";NA;16.4508358;49.8372722;"Managed";"moderate";7;2002;0.783217803067411;NA;0.783217803067411;0.220311004740869;0.548301758609449;0.386902795016032;-0.277947656595436;1.24508871339588;1.24508871339595;-0.677739986383602;-0.521600499119043;NA;NA;NA;NA;NA;NA;-0.810384500135538;-0.936103353973489;-0.117509319611706;-0.347475697911631;-0.263280747999463;NA;NA;NA;NA;0.677739986383602;-1.51271507299038;-0.600929489191816;-0.949581793171415
"P800064FASY";"FASY";NA;16.4508358;49.8372722;"Managed";"moderate";7;2003;0.843465326380289;NA;0.843465326380289;0.107152699703355;0.279500488064817;0.225140786896514;-1.00721258881016;1.58510422423844;1.5851042242385;-1.27079353669067;-0.603757354291643;NA;NA;NA;NA;NA;NA;-1.29543865071708;-1.24428590863671;-1.33155173123709;-1.43296913225457;-1.41374597180486;NA;NA;NA;NA;1.27079353669067;-2.23350036182834;-1.27475124018165;-1.4910293529185
"P800064FASY";"FASY";NA;16.4508358;49.8372722;"Managed";"moderate";7;2004;0.903712849693167;NA;0.903712849693167;0.174016005603768;0.357085691360059;0.244228819057154;0.0814002810176215;-0.258338180729867;-0.258338180729828;-0.811272160547937;-0.513958000963434;NA;NA;NA;NA;NA;NA;-1.1091377818653;-1.14246740223673;-0.743442949578693;-1.09390141332543;-0.973489301783059;NA;NA;NA;NA;0.811272160547937;-1.74860799776953;-1.02977949418463;-1.4096497101116
"P800064FASY";"FASY";NA;16.4508358;49.8372722;"Managed";"moderate";7;2005;0.963960373006045;NA;0.963960373006045;0.186768721634723;0.360070703963838;0.266211237117012;-0.524558986329878;0.192633118986708;0.192633118986685;0.0330955385728677;-0.326239140016772;NA;NA;NA;NA;NA;NA;-0.900308669578043;-1.03412938989338;-0.257583787973242;-0.704415258854703;-0.541231238938038;NA;NA;NA;NA;-0.0330955385728677;-1.67788421027649;-1.02145486691637;-1.32346516085042
"P800064FASY";"FASY";NA;16.4508358;49.8372722;"Managed";"moderate";7;2006;1.02420789631892;NA;1.02420789631892;0.18804402836315;0.500529313022564;0.345724031752054;-0.202202748176989;1.00049784519143;1.00049784519142;0.591553146498187;-0.156671212189598;NA;NA;NA;NA;NA;NA;-0.884261333967662;-1.03698161341424;-0.147188822414951;-0.642266248446671;-0.459528910225689;NA;NA;NA;NA;-0.591553146498187;-1.67107915015018;-0.692089114464219;-1.06211441826574
"P800064FASY";"FASY";NA;16.4508358;49.8372722;"Managed";"moderate";7;2007;1.0844554196318;NA;1.0844554196318;0.190779203067382;0.499194955481812;0.323927608828045;0.232890097854489;1.1359034260564;1.13590342605636;-0.969743163376406;-0.430368177386666;NA;NA;NA;NA;NA;NA;-1.04013003927535;-1.14713128851983;-0.459880500321509;-0.843114630719892;-0.706500686201116;NA;NA;NA;NA;0.969743163376406;-1.65663852450736;-0.694758567182681;-1.12723521769698
"P800064FASY";"FASY";NA;16.4508358;49.8372722;"Managed";"moderate";7;2008;1.14470294294468;NA;1.14470294294468;0.253443045428323;0.665917715076809;0.413558744257657;0.461886332607895;0.447613738215285;0.447613738215303;-0.662478354327932;-0.291847898316597;NA;NA;NA;NA;NA;NA;-1.4893915861847;-1.46571878250575;-1.4408194338343;-1.52486868216666;-1.51365743568857;NA;NA;NA;NA;0.662478354327932;-1.3726161540602;-0.406589167010516;-0.882955708689434
"P800064FASY";"FASY";NA;16.4508358;49.8372722;"Managed";"moderate";7;2009;1.20495046625756;NA;1.20495046625756;0.211701918166347;0.583098203031257;0.344526584569152;1.05199201447244;1.24059197766224;1.2405919776622;-0.62478422268783;0.106517318043555;NA;NA;NA;NA;NA;NA;-1.14522732320842;-1.29351978773385;-0.450582369820209;-0.911842054247361;-0.745973487471879;NA;NA;NA;NA;0.62478422268783;-1.55257604010605;-0.539399662509321;-1.06558402294509
"P800064FASY";"FASY";NA;16.4508358;49.8372722;"Managed";"moderate";7;2010;1.26519798957043;NA;1.26519798957043;0.212587598694067;0.306561095615462;0.231637361927871;-0.538651062314715;0.144722523541904;0.144722523541862;2.50669615196434;0.369705848276675;NA;NA;NA;NA;NA;NA;-0.886033233711153;-1.15112371833509;0.229677654408382;-0.413101831640755;-0.169958491483042;NA;NA;NA;NA;-2.50669615196434;-1.54840114641221;-1.18233821030382;-1.46258222536203
"P800064FASY";"FASY";NA;16.4508358;49.8372722;"Managed";"moderate";7;2011;1.32544551288331;NA;1.32544551288331;0.320753369801183;0.624178450206572;0.459793113869092;-0.746509183090878;1.07073648929635;1.07073648929631;-0.0909859946567056;0.365884599198871;NA;NA;NA;NA;NA;NA;-1.48756853764009;-1.47925275500452;-1.57701741517858;-1.63624613601325;-1.63620557122734;NA;NA;NA;NA;0.0909859946567055;-1.13708276953633;-0.471318973601446;-0.776978643126464
"P800064FASY";"FASY";NA;16.4508358;49.8372722;"Managed";"moderate";7;2012;1.38569303619619;NA;1.38569303619619;0.248262332877969;0.626437492515827;0.422648171660654;-0.0436668933477142;1.12424145108905;1.12424145108902;-0.802141522878329;0.218288853569058;NA;NA;NA;NA;NA;NA;-1.43902706668209;-1.48708027567061;-1.33955229286232;-1.37309413573774;-1.37931867036329;NA;NA;NA;NA;0.802141522878329;-1.39326929802409;-0.46770628214425;-0.861215191511141
"P800064FASY";"FASY";NA;16.4508358;49.8372722;"Managed";"moderate";7;2013;1.44594055950907;NA;1.44594055950907;0.224597167555834;0.559518363983801;0.349125035575942;0.588715016471319;0.355960741198137;0.355960741198154;0.489317368134541;0.143296840417333;NA;NA;NA;NA;NA;NA;-1.54642696208034;-1.54028412349912;-1.5425206879229;-1.30970502209032;-1.41819272149871;NA;NA;NA;NA;-0.489317368134541;-1.49344684781771;-0.580678929635099;-1.0523251528165
"P800064FASY";"FASY";NA;16.4508358;49.8372722;"Managed";"moderate";7;2014;1.50618808282194;NA;1.50618808282194;0.270519130864766;0.753222832849484;0.456576772431385;0.76134294728543;0.528594402709894;0.528594402709855;0.584408316831726;0.177688082117476;NA;NA;NA;NA;NA;NA;-1.64209421503112;-1.58767585958631;-1.62099259684553;-1.27191827755562;-1.42489979452054;NA;NA;NA;NA;-0.584408316831726;-1.30741245911227;-0.283394168200987;-0.78399841689572
"P800064FASY";"FASY";NA;16.4508358;49.8372722;"Managed";"moderate";7;2015;1.56643560613482;NA;1.56643560613482;0.207182517943007;0.475095911902475;0.326259144199671;-0.188110672192178;1.33126532767934;1.33126532767931;-1.81581826318777;0.0988748198879454;NA;NA;NA;NA;NA;NA;-1.55077163507747;-1.54243641509539;-1.71813065421205;-1.26467279677972;-1.45797681372229;NA;NA;NA;NA;1.81581826318777;-1.57415514501833;-0.74423857553587;-1.12006329253979
"P800064FASY";"FASY";NA;16.4508358;49.8372722;"Managed";"moderate";7;2016;1.6266831294477;NA;1.6266831294477;0.311889394767458;0.43900112432975;0.300628803441591;0.190613869900006;0.987783919726576;0.987783919726558;-1.20435552419964;0.193928390698095;NA;NA;NA;NA;NA;NA;-1.8409972559494;-1.68620862498367;-1.88974916506512;-1.20930971854997;-1.48974031442286;NA;NA;NA;NA;1.20435552419964;-1.16510665797449;-0.823253304794642;-1.20187898642138
"P800064FASY";"FASY";NA;16.4508358;49.8372722;"Managed";"moderate";7;2017;1.68693065276058;NA;1.68693065276058;0.303073089599225;0.448028532169788;0.319783247748045;-0.179303124701658;0.5261909186187;0.526190918618743;-0.0428440475941923;0.448041454371472;NA;NA;NA;NA;NA;NA;-1.86498838942496;-1.69809339703932;-1.94463728261775;-1.23194432930421;-1.52518240589635;NA;NA;NA;NA;0.0428440475941923;-1.19378128276216;-0.802898360716148;-1.14011186348141
