"site_code";"species";"elevation";"coord_x";"coord_y";"management_type";"site_category";"sample_depth";"year";"max_cambial_age";"cambial_age_range";"cambial_age";"cv_TRW";"sd_RWI";"cv_RWI";"mid_TRW";"mean_temp";"resid_temp";"mean_cwb";"last5";"normal_temp";"normal_cwb";"max_age";"max_range";"median_age";"median_range";"sox";"sothf";"nox";"nh";"nsum";"pH_FH";"C.N_FH";"pH_L1";"C.N_L1";"resid_cwb";"log_cv_TRW";"log_sd_RWI";"log_cv_RWI"
"P800040PISY";"PISY";NA;17.229;48.949;"Managed";"moderate";7;1961;-1.68693065276058;NA;-1.68693065276058;0.40974246766923;0.425209113087675;0.41822983588506;1.66299793372039;0.122549027700544;0.122549027700568;0.2269585737258;0.878817906416134;NA;NA;NA;NA;NA;NA;0.852670262342151;0.726864368447533;0.781817519028722;0.533560022936729;0.636502545353807;NA;NA;NA;NA;-0.2269585737258;-0.892226444274619;-0.855174200270651;-0.871724150952666
"P800040PISY";"PISY";NA;17.229;48.949;"Managed";"moderate";7;1962;-1.6266831294477;NA;-1.6266831294477;0.30343297989839;0.371805704092694;0.36886133379939;1.41648491544206;-1.42029188941432;-1.42029188941429;0.957818641896474;1.42683928348201;NA;NA;NA;NA;NA;NA;1.05636501376218;0.89325008702976;1.10740252161106;0.687898427603772;0.856235395725801;NA;NA;NA;NA;-0.957818641896474;-1.19259451692583;-0.989383861981671;-0.997334494729596
"P800040PISY";"PISY";NA;17.229;48.949;"Managed";"moderate";7;1963;-1.56643560613482;NA;-1.56643560613482;0.359003778430046;0.474575868366429;0.496709487800826;0.979123108819201;0.585602996170527;0.585602996170476;0.107683108836118;1.66418187500936;NA;NA;NA;NA;NA;NA;0.527183422762782;0.53802952232655;0.229928614536463;-0.0195500084308262;0.0692968639338319;NA;NA;NA;NA;-0.107683108836118;-1.02442236567446;-0.745333782530186;-0.699749955378575
"P800040PISY";"PISY";NA;17.229;48.949;"Managed";"moderate";7;1964;-1.50618808282194;NA;-1.50618808282194;0.464719474122762;0.430263692271779;0.495385429978711;0.57622011120298;-0.0965093499363596;-0.0965093499363188;-0.470475822945283;1.70885028408895;NA;NA;NA;NA;NA;NA;0.607583346844867;0.605855562223171;0.354482329312973;0.0877254400974063;0.185579591030718;NA;NA;NA;NA;0.470475822945283;-0.766321336898685;-0.843357020406671;-0.702419172979663
"P800040PISY";"PISY";NA;17.229;48.949;"Managed";"moderate";7;1965;-1.44594055950907;NA;-1.44594055950907;0.511369298686127;0.374454705502035;0.456768292433;0.462240973719429;-1.68535708236224;-1.68535708236231;3.0513381764787;1.44350660030276;NA;NA;NA;NA;NA;NA;1.53448025561253;1.26036910126693;1.91958940039778;1.28170466543562;1.54386527753759;NA;NA;NA;NA;-3.0513381764787;-0.670663251782988;-0.982284429929518;-0.78357903541157
"P800040PISY";"PISY";NA;17.229;48.949;"Managed";"moderate";7;1966;-1.38569303619619;NA;-1.38569303619619;0.465810498047974;0.476065544112021;0.455724835852311;1.89625756391925;-0.598153850923085;-0.598153850923089;1.68759077802484;1.17616283849813;NA;NA;NA;NA;NA;NA;1.49962191848094;1.24255592364962;1.8063266969693;1.27108161715106;1.49619857869563;NA;NA;NA;NA;-1.68759077802484;-0.763976384113101;-0.742199736515847;-0.785866081753439
"P800040PISY";"PISY";NA;17.229;48.949;"Managed";"moderate";7;1967;-1.32544551288331;NA;-1.32544551288331;0.42413545518422;0.399938225735296;0.431262300495701;1.11695834484577;0.37847091510729;0.378470915107267;-0.417881323483095;1.23483179370714;NA;NA;NA;NA;NA;NA;0.051174862956186;0.203566610411538;-0.571293530167557;-0.475008843195332;-0.521978303542358;NA;NA;NA;NA;0.417881323483095;-0.857702404995678;-0.91644517946233;-0.841038788154755
"P800040PISY";"PISY";NA;17.229;48.949;"Managed";"moderate";7;1968;-1.26519798957043;NA;-1.26519798957043;0.453231893952682;0.399016562124596;0.45249143343591;0.93671226696483;-0.164274163681255;-0.164274163681276;1.39065860528053;1.15949552167738;NA;NA;NA;NA;NA;NA;1.00098613132165;0.898539325794788;0.995813304801601;0.585581564391277;0.747908656800766;NA;NA;NA;NA;-1.39065860528053;-0.791351377298573;-0.918752353869551;-0.79298644765471
"P800040PISY";"PISY";NA;17.229;48.949;"Managed";"moderate";7;1969;-1.20495046625756;NA;-1.20495046625756;0.45885159674923;0.434122427806132;0.532637902737943;0.266090830143124;-0.105132588269736;-0.105132588269748;-0.462154727645764;1.14882843891213;NA;NA;NA;NA;NA;NA;0.459032705029661;0.529247146851211;0.0697551819976608;-0.0468022209607287;-0.00628228190907423;NA;NA;NA;NA;0.462154727645764;-0.779028439829457;-0.834428692942922;-0.629913442648262
"P800040PISY";"PISY";NA;17.229;48.949;"Managed";"moderate";7;1970;-1.14470294294468;NA;-1.14470294294468;0.418435178675207;0.433989069710897;0.500650893578078;0.427782164712795;-1.07444549964395;-1.07444549964398;0.226667074986967;1.07082539619105;NA;NA;NA;NA;NA;NA;0.976666512736013;0.917223892167511;0.96290570700595;0.750687168229875;0.846425957737745;NA;NA;NA;NA;-0.226667074986967;-0.871233290714227;-0.834735930196813;-0.691846239994049
"P800040PISY";"PISY";NA;17.229;48.949;"Managed";"moderate";7;1971;-1.0844554196318;NA;-1.0844554196318;0.426323563736933;0.295823257151313;0.429812360747468;-0.502605678466773;-0.0185641122093208;-0.0185641122092599;-1.06649232050876;1.06215839144428;NA;NA;NA;NA;NA;NA;0.123356048775289;0.351362028283969;-0.644423173133993;-0.362065597247162;-0.472716225836776;NA;NA;NA;NA;1.06649232050876;-0.852556681728181;-1.21799310721433;-0.844406535886505
"P800040PISY";"PISY";NA;17.229;48.949;"Managed";"moderate";7;1972;-1.02420789631892;NA;-1.02420789631892;0.407429664868279;0.289805651833039;0.369592421153422;0.183919824050332;-1.1601646017143;-1.16016460171427;1.12063546500744;0.458801522533523;NA;NA;NA;NA;NA;NA;0.65743722579924;0.753992156087428;0.211302584079561;0.394143030547703;0.339008084562421;NA;NA;NA;NA;-1.12063546500744;-0.897886962748817;-1.23854474675626;-0.995354444962128
"P800040PISY";"PISY";NA;17.229;48.949;"Managed";"moderate";7;1973;-0.963960373006045;NA;-0.963960373006045;0.397903492020741;0.272238424437951;0.357420481258445;0.104399495573453;-0.411287614608157;-0.411287614608197;-0.546191524058349;0.224125701697544;NA;NA;NA;NA;NA;NA;-0.163909387090691;0.139126047245591;-1.0471268213784;-0.60038061446291;-0.776175450052945;NA;NA;NA;NA;0.546191524058349;-0.921545785461247;-1.30107703620724;-1.02884237163561
"P800040PISY";"PISY";NA;17.229;48.949;"Managed";"moderate";7;1974;-0.903712849693167;NA;-0.903712849693167;0.390099702355408;0.243700978159855;0.374495754690574;-0.600680750254926;-1.10124903593747;-1.10124903593752;-0.557299019425979;0.0147842024290816;NA;NA;NA;NA;NA;NA;0.727362372549619;0.807226983344291;0.367794633103943;0.611391755058715;0.540203009535291;NA;NA;NA;NA;0.55729901942598;-0.941352925465439;-1.41181330457218;-0.982174812028837
"P800040PISY";"PISY";NA;17.229;48.949;"Managed";"moderate";7;1975;-0.843465326380289;NA;-0.843465326380289;0.364445140194545;0.218681314754069;0.360254742132742;-0.905508676082994;0.110959200849994;0.110959200850046;-0.800142205423769;-0.203224301586198;NA;NA;NA;NA;NA;NA;0.215009626564887;0.436491756316791;-0.447917188338277;-0.0775366264477169;-0.212240038260604;NA;NA;NA;NA;0.800142205423769;-1.00937924587159;-1.52013979274518;-1.02094388073948
"P800040PISY";"PISY";NA;17.229;48.949;"Managed";"moderate";7;1976;-0.783217803067411;NA;-0.783217803067411;0.203848464077349;0.109281259897362;0.266148924819365;-2.2016900302562;-0.640807655906228;-0.640807655906239;-0.702880163765163;-0.538570716019444;NA;NA;NA;NA;NA;NA;0.409472714373224;0.591435443025234;-0.138831194626762;0.236979063298514;0.108594935258771;NA;NA;NA;NA;0.702880163765163;-1.59037838431799;-2.2138303541507;-1.32369925912594
"P800040PISY";"PISY";NA;17.229;48.949;"Managed";"moderate";7;1977;-0.722970279754534;NA;-0.722970279754534;0.249273472427076;0.169725827834189;0.321996114050612;-1.52046588297089;-1.40215193012121;-1.40215193012122;0.186463367494305;-0.965920719303186;NA;NA;NA;NA;NA;NA;1.20012609669887;1.19605237234987;1.12015891017866;1.45948580047294;1.37629189110382;NA;NA;NA;NA;-0.186463367494304;-1.38920470234914;-1.77357092130337;-1.13321580167635
"P800040PISY";"PISY";NA;17.229;48.949;"Managed";"moderate";7;1978;-0.662722756441656;NA;-0.662722756441656;0.317069073900699;0.279484637105429;0.42971717853824;-0.804782926678929;-2.34855606005899;-2.34855606005897;0.0880999191361445;-1.39460410793257;NA;NA;NA;NA;NA;NA;0.0722848738742109;0.351594533404321;-0.670602378759877;-0.062209950110178;-0.281763598895945;NA;NA;NA;NA;-0.0880999191361444;-1.14863563010096;-1.27480795353118;-0.844628011019741
"P800040PISY";"PISY";NA;17.229;48.949;"Managed";"moderate";7;1979;-0.602475233128778;NA;-0.602475233128778;0.338541817054171;0.306558636974552;0.396880864690912;0.024879167096573;-0.62081814987728;-0.620818149877291;0.278880257865232;-1.62327969471312;NA;NA;NA;NA;NA;NA;1.38945916882377;1.34796843803461;1.4023212885504;1.80172770780097;1.70600649318977;NA;NA;NA;NA;-0.278880257865232;-1.08310765791069;-1.18234623040423;-0.924119132270411
"P800040PISY";"PISY";NA;17.229;48.949;"Managed";"moderate";7;1980;-0.5422277098159;NA;-0.5422277098159;0.291004053312564;0.168927204288889;0.255605888922741;-0.560920586016468;-2.32252112617221;-2.32252112617221;1.31909173635387;-1.46594022392535;NA;NA;NA;NA;NA;NA;0.897831580033577;0.970424601825189;0.69179322012632;1.26393973583864;1.0922143780574;NA;NA;NA;NA;-1.31909173635387;-1.2344180829985;-1.77828740070857;-1.36411851714033
"P800040PISY";"PISY";NA;17.229;48.949;"Managed";"moderate";7;1981;-0.481980186503022;NA;-0.481980186503022;0.375225378678837;0.245056809977898;0.360192196672996;-0.412482639526283;-0.298954228682438;-0.298954228682482;-0.413061419815814;-1.37927017645751;NA;NA;NA;NA;NA;NA;1.17479765465373;1.18018617239253;1.11265740355025;1.60106864711431;1.46819462446449;NA;NA;NA;NA;0.413061419815814;-0.980228423735559;-1.40626521785603;-1.02111751034781
"P800040PISY";"PISY";NA;17.229;48.949;"Managed";"moderate";7;1982;-0.421732663190145;NA;-0.421732663190145;0.287681059885133;0.170284810986276;0.204686690547424;0.592124176898341;0.0460905714533021;0.0460905714532606;0.03823160139768;-0.929252622297575;NA;NA;NA;NA;NA;NA;0.406719864134179;0.60183398180997;-0.132407551163759;0.478609807411458;0.272326046195227;NA;NA;NA;NA;-0.0382316013976799;-1.24590284345535;-1.77028288503702;-1.58627480773786
"P800040PISY";"PISY";NA;17.229;48.949;"Managed";"moderate";7;1983;-0.361485139877267;NA;-0.361485139877267;0.299941366876546;0.218737526273171;0.344126692635946;-0.818036314758416;1.11101696249058;1.11101696249063;-1.85341575905179;-0.397898562052444;NA;NA;NA;NA;NA;NA;-0.022655282327698;0.278672335081751;-0.812535381246242;-0.10480525473699;-0.361059926082524;NA;NA;NA;NA;1.85341575905179;-1.2041682671724;-1.51988277812149;-1.06674539686544
"P800040PISY";"PISY";NA;17.229;48.949;"Managed";"moderate";7;1984;-0.301237616564389;NA;-0.301237616564389;0.159517631369171;0.179273273298842;0.250986064911401;-0.348866376744801;-1.63703512915777;-1.63703512915773;0.499158983301658;-0.401232025416565;NA;NA;NA;NA;NA;NA;1.01262488004025;1.06071796531345;0.84714090665996;1.39752810766511;1.23710699490227;NA;NA;NA;NA;-0.499158983301658;-1.83560082136699;-1.71884397083795;-1.38235785967282
"P800040PISY";"PISY";NA;17.229;48.949;"Managed";"moderate";7;1985;-0.240990093251511;NA;-0.240990093251511;0.191140427284154;0.18038335460493;0.25048511155857;-0.28259943634737;-0.907076411421434;-0.907076411421443;1.49354472818769;-0.495235692285544;NA;NA;NA;NA;NA;NA;1.93672743710151;1.72784566530512;2.48544172797446;2.79689105443467;2.75882356637689;NA;NA;NA;NA;-1.49354472818769;-1.65474689969534;-1.7126709449847;-1.38435579511947
"P800040PISY";"PISY";NA;17.229;48.949;"Managed";"moderate";7;1986;-0.180742569938633;NA;-0.180742569938633;0.190292052994401;0.130252221060534;0.17680546544363;-0.118257424161825;-0.241900839037456;-0.241900839037417;-0.21887951764261;-0.425232961638442;NA;NA;NA;NA;NA;NA;0.522309413223937;0.658567505682199;0.217604710789766;0.786502251242961;0.603395777825045;NA;NA;NA;NA;0.21887951764261;-1.6591952659598;-2.03828254620588;-1.73270521611369
"P800040PISY";"PISY";NA;17.229;48.949;"Managed";"moderate";7;1987;-0.120495046625756;NA;-0.120495046625756;0.166377357939168;0.18594724381586;0.239394346396205;0.0778927194144804;-0.817280653495235;-0.817280653495275;0.701949627932805;-0.351230074954376;NA;NA;NA;NA;NA;NA;1.37015036984671;1.29051465373521;1.60957767866803;1.93719722305316;1.87074898179036;NA;NA;NA;NA;-0.701949627932805;-1.79349682993052;-1.68229228089967;-1.4296431018589
"P800040PISY";"PISY";NA;17.229;48.949;"Managed";"moderate";7;1988;-0.0602475233128778;NA;-0.0602475233128778;0.193163209272471;0.256036506739721;0.296549315491114;0.544411979812221;0.0214678679114927;0.0214678679115309;-0.455252923251912;-0.480568453483281;NA;NA;NA;NA;NA;NA;0.595251137561183;0.699992589162975;0.424309491395734;0.967494719207719;0.798353474024781;NA;NA;NA;NA;0.455252923251912;-1.64421980353379;-1.36243524021759;-1.21554174894112
"P800040PISY";"PISY";NA;17.229;48.949;"Managed";"moderate";7;1989;0;NA;0;0.188777219308111;0.198275401985186;0.200135129415809;1.47479982299175;-0.212714305410494;-0.212714305410455;-0.0109804556606036;-0.137888419648903;NA;NA;NA;NA;NA;NA;0.0335787233705469;0.274592122942551;-0.509326684022613;0.165374033903881;-0.0719505435461801;NA;NA;NA;NA;0.0109804556606037;-1.66718769299512;-1.61809829560245;-1.60876249350178
"P800040PISY";"PISY";NA;17.229;48.949;"Managed";"moderate";7;1990;0.0602475233128778;NA;0.0602475233128778;0.17447396685051;0.216405934126745;0.241956953486768;0.809479741401831;-0.812557259476912;-0.81255725947691;0.00666914188869884;0.320796139257801;NA;NA;NA;NA;NA;NA;0.435923143762704;0.555945558187328;0.148404268967429;0.768092490098092;0.566309302591819;NA;NA;NA;NA;-0.00666914188869873;-1.74597973557225;-1.53059931035832;-1.4189954468015
"P800040PISY";"PISY";NA;17.229;48.949;"Managed";"moderate";7;1991;0.120495046625756;NA;0.120495046625756;0.22973814210705;0.131194682734078;0.202482999086317;-0.672249045884106;-0.67202620276329;-0.672026202763235;0.0590032981943583;0.595473520463605;NA;NA;NA;NA;NA;NA;0.395713288930022;0.502004117542963;0.142967111899062;0.345926354320436;0.282318155919974;NA;NA;NA;NA;-0.0590032981943582;-1.47081513123477;-2.03107293123491;-1.59709935108927
"P800040PISY";"PISY";NA;17.229;48.949;"Managed";"moderate";7;1992;0.180742569938633;NA;0.180742569938633;0.225354841039627;0.177153314498755;0.332889221623461;-1.49660978442783;1.57575158309036;1.57575158309033;-2.16456041629633;0.456134751842198;NA;NA;NA;NA;NA;NA;-0.104924702741813;0.0999651087357078;-0.572150366798391;-0.533133969181942;-0.561117693790199;NA;NA;NA;NA;2.16456041629633;-1.49007904776148;-1.73073973772006;-1.09994551214531
"P800040PISY";"PISY";NA;17.229;48.949;"Managed";"moderate";7;1993;0.240990093251511;NA;0.240990093251511;0.295401963740948;0.143972895148228;0.341617464172929;-2.14867647793828;0.220532027058322;0.220532027058385;-0.784743191169807;0.0601193041814638;NA;NA;NA;NA;NA;NA;0.12967947293294;0.239875064906849;-0.239071033773836;-0.362956665185655;-0.328119036828734;NA;NA;NA;NA;0.784743191169807;-1.21941826117186;-1.93813022526058;-1.07406369374653
"P800040PISY";"PISY";NA;17.229;48.949;"Managed";"moderate";7;1994;0.301237616564389;NA;0.301237616564389;0.275673334293445;0.159337070704993;0.341803650774854;-1.88891007158046;1.28168345400016;1.28168345400011;-0.401475436779348;-0.617240451413363;NA;NA;NA;NA;NA;NA;0.188432038609721;0.235205502832153;-0.218807876041278;-0.397780903222807;-0.344126975810853;NA;NA;NA;NA;0.401475436779348;-1.28853868563934;-1.8367333791264;-1.0735188273312
"P800040PISY";"PISY";NA;17.229;48.949;"Managed";"moderate";7;1995;0.361485139877267;NA;0.361485139877267;0.224874870723683;0.169948157694578;0.323980830446015;-1.52841791581858;0.0383999291732737;0.0383999291732194;0.729655232728361;-1.46327345323403;NA;NA;NA;NA;NA;NA;0.44525035726437;0.366936838671999;0.377502577778938;0.0614971605584321;0.176302745685856;NA;NA;NA;NA;-0.729655232728361;-1.49221116159239;-1.7722618431778;-1.12707093023022
"P800040PISY";"PISY";NA;17.229;48.949;"Managed";"moderate";7;1996;0.421732663190145;NA;0.421732663190145;0.296574233442265;0.144172096023936;0.294795469643613;-1.66890382946108;-0.840474256081175;-0.840474256081202;1.01149025495343;-2.05129639066969;NA;NA;NA;NA;NA;NA;0.25588157457453;0.191989371755804;0.188199091853803;-0.13085655187022;-0.0200128218474221;NA;NA;NA;NA;-1.01149025495343;-1.21545772613943;-1.93674758170581;-1.22147348634402
"P800040PISY";"PISY";NA;17.229;48.949;"Managed";"moderate";7;1997;0.481980186503022;NA;0.481980186503022;0.209109079145124;0.189908345920598;0.262335234302106;-0.23488723926125;-0.636247784288278;-0.636247784288322;0.757918589890816;-2.3019728356536;NA;NA;NA;NA;NA;NA;0.34712906533176;0.141147578177857;0.769720382765574;0.182885545215537;0.39788836042664;NA;NA;NA;NA;-0.757918589890816;-1.56489925337959;-1.66121371310068;-1.33813207287242
"P800040PISY";"PISY";NA;17.229;48.949;"Managed";"moderate";7;1998;0.5422277098159;NA;0.5422277098159;0.231169459003168;0.182907280130454;0.239231759159829;0.0275298447124484;0.803387689818987;0.803387689818976;0.697134239872683;-1.98462712338673;NA;NA;NA;NA;NA;NA;-0.0778457191519019;-0.293948225199727;0.642015843840148;-0.0403641653314429;0.202995781731543;NA;NA;NA;NA;-0.697134239872683;-1.46460424864675;-1.69877592049309;-1.43032249331182
"P800040PISY";"PISY";NA;17.229;48.949;"Managed";"moderate";7;1999;0.602475233128778;NA;0.602475233128778;0.155894750259448;0.234716991735658;0.264499090063401;0.711404669613678;1.0387875630914;1.03878756309139;-0.606886592324008;-1.43727243899367;NA;NA;NA;NA;NA;NA;-0.855891824328796;-0.888910505763263;-0.484435364611269;-0.845350683127152;-0.73828700134155;NA;NA;NA;NA;0.606886592324008;-1.85857417725416;-1.44937478106505;-1.32991746790369
"P800040PISY";"PISY";NA;17.229;48.949;"Managed";"moderate";7;2000;0.662722756441656;NA;0.662722756441656;0.250475921694018;0.319263260515931;0.319066695842576;1.42443694828976;0.979618089910087;0.979618089910119;-1.18927897141718;-0.78324692694788;NA;NA;NA;NA;NA;NA;-0.687288252575254;-0.865893257017398;-0.0783474269606418;-0.433057857123937;-0.317383559379997;NA;NA;NA;NA;1.18927897141718;-1.3843924840591;-1.14173924846873;-1.14235512017461
"P800040PISY";"PISY";NA;17.229;48.949;"Managed";"moderate";7;2001;0.722970279754534;NA;0.722970279754534;0.165469001508075;0.18076021945476;0.233208512664;0.0725913641826933;0.107968107535202;0.107968107535199;0.458964924905165;-0.0405512894158032;NA;NA;NA;NA;NA;NA;-0.77820107742999;-0.922361421784879;-0.207701531884455;-0.517468204814836;-0.420110192906218;NA;NA;NA;NA;-0.458964924905165;-1.79897140377425;-1.71058388037274;-1.45582232146707
"P800040PISY";"PISY";NA;17.229;48.949;"Managed";"moderate";7;2002;0.783217803067411;NA;0.783217803067411;0.210818475088789;0.19957642595511;0.273528972895946;-0.213681818334102;1.18924551337963;1.1892455133796;-0.618012930693547;0.397465796633239;NA;NA;NA;NA;NA;NA;-0.930689291604822;-1.0567402201405;-0.399672167009424;-0.667376662917195;-0.589023629040682;NA;NA;NA;NA;0.618012930693547;-1.55675782341914;-1.61155802851721;-1.29634772892467
"P800040PISY";"PISY";NA;17.229;48.949;"Managed";"moderate";7;2003;0.843465326380289;NA;0.843465326380289;0.241312754687142;0.164578715718898;0.2267255978042;-0.192476397406917;1.6367259288762;1.6367259288762;-1.80335973952305;0.402799338015842;NA;NA;NA;NA;NA;NA;-1.52072687294214;-1.32633913157528;-1.83555669658385;-1.8598299921224;-1.90000384749448;NA;NA;NA;NA;1.80335973952305;-1.42166144953367;-1.80436630822001;-1.48401481295907
"P800040PISY";"PISY";NA;17.229;48.949;"Managed";"moderate";7;2004;0.903712849693167;NA;0.903712849693167;0.213201461452363;0.187378035426684;0.22917324623539;0.369467257163063;-0.357482241657675;-0.357482241657658;-0.717132033266153;0.347463846171003;NA;NA;NA;NA;NA;NA;-1.18064442573853;-1.1960145148943;-0.89043527437798;-1.29388104145109;-1.18336891549867;NA;NA;NA;NA;0.717132033266154;-1.54551773187171;-1.67462712294845;-1.47327702767633
"P800040PISY";"PISY";NA;17.229;48.949;"Managed";"moderate";7;2005;0.963960373006045;NA;0.963960373006045;0.190488326540616;0.252161239796092;0.319018222653129;0.0911461074939669;-0.204492945760384;-0.204492945760363;1.13169871257046;0.261460491375999;NA;NA;NA;NA;NA;NA;-0.795879254799947;-1.0594529483599;0.0329021170359019;-0.649343181756712;-0.422032872911563;NA;NA;NA;NA;-1.13169871257046;-1.65816436429497;-1.37768655562066;-1.14250705352434
"P800040PISY";"PISY";NA;17.229;48.949;"Managed";"moderate";7;2006;1.02420789631892;NA;1.02420789631892;0.269466285709959;0.150549088590876;0.222704468110723;-0.465496191844227;0.835964556465871;0.835964556465882;-0.0595044075343441;-0.0738859230572469;NA;NA;NA;NA;NA;NA;-0.917240644591619;-1.12850273599459;-0.209750093834909;-0.832213715192291;-0.631121410341319;NA;NA;NA;NA;0.0595044075343442;-1.31131199586513;-1.89346607793605;-1.50190964155806
"P800040PISY";"PISY";NA;17.229;48.949;"Managed";"moderate";7;2007;1.0844554196318;NA;1.0844554196318;0.223525191157599;0.111177626252704;0.143828060199947;0.168015758354971;1.23142675276285;1.23142675276281;0.401851794257317;-0.209224535641644;NA;NA;NA;NA;NA;NA;-0.79144245839399;-1.10395543928689;0.215938400356937;-0.518169722031809;-0.268835717883179;NA;NA;NA;NA;-0.401851794257316;-1.49823115916551;-2.1966261201731;-1.93913671921285
"P800040PISY";"PISY";NA;17.229;48.949;"Managed";"moderate";7;2008;1.14470294294468;NA;1.14470294294468;0.138106381519983;0.197194588013041;0.226973118237171;0.655740439679859;0.556906558498808;0.556906558498832;-0.422239735757616;-0.11322079075423;NA;NA;NA;NA;NA;NA;-1.42226982931283;-1.44572507733189;-1.16629217715262;-1.44649784335384;-1.38413920579656;NA;NA;NA;NA;0.422239735757616;-1.97973101022117;-1.62356428134314;-1.48292369037584
"P800040PISY";"PISY";NA;17.229;48.949;"Managed";"moderate";7;2009;1.20495046625756;NA;1.20495046625756;0.183451424932463;0.205230728950457;0.19435053359229;1.8750521429921;1.51017542478267;1.51017542478267;-0.857987182618884;0.100120864551243;NA;NA;NA;NA;NA;NA;-0.910284081769117;-1.28681161841641;0.223354271163507;-0.635123799688151;-0.344315131126882;NA;NA;NA;NA;0.857987182618884;-1.69580536079502;-1.58362042567657;-1.63809187616521
"P800040PISY";"PISY";NA;17.229;48.949;"Managed";"moderate";7;2010;1.26519798957043;NA;1.26519798957043;0.259711703000035;0.273481514361936;0.291262715437622;1.1063556343822;0.171546370831207;0.17154637083127;2.31510389023309;0.478802302718436;NA;NA;NA;NA;NA;NA;-0.618941609310176;-1.17975754206485;0.94827442019363;-0.139605125631316;0.246392485887833;NA;NA;NA;NA;-2.31510389023309;-1.34818309779378;-1.2965212485746;-1.23352961690029
"P800040PISY";"PISY";NA;17.229;48.949;"Managed";"moderate";7;2011;1.32544551288331;NA;1.32544551288331;0.269361935290881;0.356280767563193;0.340338167085392;1.68685403226345;0.953008707014258;0.953008707014232;-0.306992505633669;0.734145596412124;NA;NA;NA;NA;NA;NA;-1.52680707919805;-1.50324681251633;-1.57782205599574;-1.77867612069721;-1.7534685559142;NA;NA;NA;NA;0.306992505633669;-1.31169931938055;-1.03203618603886;-1.07781554659313
"P800040PISY";"PISY";NA;17.229;48.949;"Managed";"moderate";7;2012;1.38569303619619;NA;1.38569303619619;0.125480206410311;0.174207081468313;0.207417873526891;0.480795717030702;1.61454418593957;1.61454418593952;-0.701987397841562;1.27550004674971;NA;NA;NA;NA;NA;NA;-1.39840274562274;-1.50912679119311;-1.13272054292839;-1.39207575358715;-1.33575552895617;NA;NA;NA;NA;0.701987397841562;-2.07560725069519;-1.74751056402194;-1.57301980788886
"P800040PISY";"PISY";NA;17.229;48.949;"Managed";"moderate";7;2013;1.44594055950907;NA;1.44594055950907;0.159716360649015;0.149655233920759;0.245414178679209;-0.985029004559874;0.354282040735138;0.354282040735183;0.51378155225554;1.35416978214363;NA;NA;NA;NA;NA;NA;-1.55409019209834;-1.55678522322517;-1.40993661536702;-1.31227720829524;-1.3817387689414;NA;NA;NA;NA;-0.51378155225554;-1.83435578286556;-1.899421070883;-1.40480797054551
"P800040PISY";"PISY";NA;17.229;48.949;"Managed";"moderate";7;2014;1.50618808282194;NA;1.50618808282194;0.151385302319346;0.138243308576154;0.188783266718875;-0.171270976479731;0.54280989083694;0.542809890836964;0.54696794225554;0.941487017662104;NA;NA;NA;NA;NA;NA;-1.69276999944698;-1.59923730962206;-1.51711486973297;-1.26470844157075;-1.3883485383858;NA;NA;NA;NA;-0.54696794225554;-1.88792702116316;-1.97874004064687;-1.66715565886555
"P800040PISY";"PISY";NA;17.229;48.949;"Managed";"moderate";7;2015;1.56643560613482;NA;1.56643560613482;0.198583405279951;0.133246369031133;0.217535391497462;-0.913460708930657;1.58221971870956;1.58221971870959;-1.66741625739846;0.426800274237719;NA;NA;NA;NA;NA;NA;-1.5603882810579;-1.55871315189227;-1.64978676473765;-1.25558743526885;-1.4297766375598;NA;NA;NA;NA;1.66741625739846;-1.61654608937209;-2.01555546560477;-1.52539372216222
"P800040PISY";"PISY";NA;17.229;48.949;"Managed";"moderate";7;2016;1.6266831294477;NA;1.6266831294477;0.181038619624822;0.231350755641719;0.292391885010141;0.107050173189365;1.12175251439139;1.1217525143914;-0.681397445818385;-0.0812195424583791;NA;NA;NA;NA;NA;NA;-1.98110096135868;-1.68750004415161;-1.88418540466756;-1.18589253337507;-1.46717327774932;NA;NA;NA;NA;0.681397445818385;-1.70904490238311;-1.46382029740702;-1.22966030453493
"P800040PISY";"PISY";NA;17.229;48.949;"Managed";"moderate";7;2017;1.68693065276058;NA;1.68693065276058;0.24587494545326;0.228703603429045;0.341506846225345;-0.672249045884106;1.08563281948298;1.08563281948302;-1.04692879316046;-0.478568375464798;NA;NA;NA;NA;NA;NA;-2.01587858778775;-1.69814606189189;-1.95915215129809;-1.21438670070007;-1.51306226871468;NA;NA;NA;NA;1.04692879316046;-1.40293222412038;-1.47532842193828;-1.07438755266025
